-1.74684 1.66466 -1.54907
-1.76616 1.60567 -1.59101
-1.77973 1.46912 -1.59015
-1.79676 1.25927 -1.57298
-1.83206 1.07342 -1.67157
-1.86399 0.895323 -1.76621
-1.89184 0.697715 -1.82747
-1.91422 0.491217 -1.83523
-1.92191 0.287185 -1.79847
-1.90969 0.094888 -1.72162
-1.88253 -0.0956229 -1.64388
-1.84844 -0.303311 -1.6327
-1.81414 -0.500973 -1.67495
-1.78056 -0.704325 -1.71869
-1.73745 -0.901453 -1.65552
-1.67817 -1.06133 -1.53863
-1.61269 -1.22223 -1.42768
-1.53667 -1.37118 -1.30456
-1.45807 -1.535 -1.20898
-1.39124 -1.60531 -1.0906
-1.36418 -1.67354 -1.08329
-1.72699 1.7321 -1.51019
-1.73755 1.63684 -1.47465
-1.76826 1.51213 -1.51922
-1.78518 1.29614 -1.50426
-1.81917 1.10093 -1.56023
-1.85194 0.911785 -1.63245
-1.86609 0.713167 -1.66562
-1.89697 0.513734 -1.66234
-1.91299 0.311535 -1.64362
-1.90472 0.109385 -1.5977
-1.87791 -0.0917433 -1.55882
-1.84067 -0.292044 -1.53743
-1.796 -0.489144 -1.52955
-1.74898 -0.683455 -1.49272
-1.69788 -0.86239 -1.44435
-1.63805 -1.04122 -1.3736
-1.56844 -1.20639 -1.28114
-1.49794 -1.37305 -1.18716
-1.41473 -1.52906 -1.08346
-1.34591 -1.61309 -1.00511
-1.32976 -1.72666 -1.04764
-1.67652 1.84359 -1.40606
-1.69373 1.75544 -1.38384
-1.72045 1.58868 -1.35349
-1.75563 1.37297 -1.35864
-1.78719 1.16007 -1.37306
-1.80716 0.961642 -1.41507
-1.83741 0.760065 -1.428
-1.87085 0.556585 -1.41534
-1.88878 0.349317 -1.38655
-1.882 0.140164 -1.35998
-1.85989 -0.069647 -1.32874
-1.82002 -0.274478 -1.30496
-1.77584 -0.479335 -1.26871
-1.71727 -0.669869 -1.24299
-1.65156 -0.862421 -1.18796
-1.57854 -1.04113 -1.1251
-1.5038 -1.2229 -1.06319
-1.41447 -1.39831 -1.00291
-1.32787 -1.58135 -0.949873
-1.28523 -1.74289 -0.958632
-1.26355 -1.82398 -0.968648
-1.57784 1.98689 -1.24049
-1.59128 1.89672 -1.20715
-1.63186 1.72777 -1.15849
-1.67301 1.48245 -1.12192
-1.70768 1.25461 -1.11921
-1.72605 1.03228 -1.12589
-1.70609 0.82151 -1.13744
-1.74591 0.614704 -1.10439
-1.75824 0.39917 -1.07225
-1.76899 0.18069 -1.02889
-1.75277 -0.0373373 -0.997122
-1.71914 -0.255512 -0.961975
-1.65672 -0.460245 -0.944846
-1.58752 -0.670711 -0.907039
-1.50813 -0.866455 -0.887174
-1.42859 -1.06805 -0.863154
-1.34113 -1.26485 -0.840484
-1.27132 -1.47219 -0.812179
-1.21079 -1.70459 -0.807769
-1.17515 -1.87642 -0.824978
-1.14972 -1.97328 -0.862432
-1.44583 2.11218 -1.08298
-1.45884 2.02555 -1.05044
-1.50062 1.84987 -0.974226
-1.55151 1.59842 -0.909742
-1.59272 1.33629 -0.865185
-1.53391 1.10384 -0.903027
-1.51158 0.882228 -0.920526
-1.53172 0.654089 -0.871417
-1.55693 0.43958 -0.814847
-1.57402 0.217805 -0.760324
-1.56132 -0.0122621 -0.7169
-1.51352 -0.235234 -0.701861
-1.45989 -0.465256 -0.67398
-1.38465 -0.668446 -0.68509
-1.31318 -0.886152 -0.67024
-1.23743 -1.09605 -0.662575
-1.19106 -1.3228 -0.638433
-1.1321 -1.56451 -0.64394
-1.08848 -1.8218 -0.657356
-1.06064 -2.01961 -0.704564
-1.02647 -2.11608 -0.760397
-1.27611 2.22369 -0.952302
-1.29626 2.13576 -0.900786
-1.32529 1.96268 -0.823588
-1.39603 1.70176 -0.704916
-1.3928 1.41512 -0.665812
-1.31042 1.17338 -0.751201
-1.36666 0.935634 -0.659384
-1.3154 0.696311 -0.687154
-1.31387 0.462649 -0.644996
-1.3245 0.236504 -0.569427
-1.31527 0.00785449 -0.527284
-1.29723 -0.231416 -0.486105
-1.23172 -0.442735 -0.506279
-1.17709 -0.687614 -0.475758
-1.10776 -0.903828 -0.487604
-1.07471 -1.14559 -0.461178
-1.01103 -1.38917 -0.47617
-0.972703 -1.65102 -0.494414
-0.962326 -1.94017 -0.509477
-0.945191 -2.16108 -0.577261
-0.887183 -2.25338 -0.669379
-1.07057 2.31056 -0.860323
-1.0865 2.21478 -0.796947
-1.10912 2.04413 -0.718725
-1.17417 1.7844 -0.542288
-1.14695 1.48236 -0.53583
-1.10123 1.23893 -0.566587
-1.13431 0.990419 -0.459501
-1.09501 0.720771 -0.4718
-1.05424 0.486629 -0.500025
-1.05714 0.253437 -0.438973
-1.0567 0.0154348 -0.367599
-1.02389 -0.216346 -0.337139
-1.01016 -0.485804 -0.277378
-0.955203 -0.691069 -0.31887
-0.939711 -0.947476 -0.273514
-0.879713 -1.19127 -0.292378
-0.819165 -1.44442 -0.339676
-0.803631 -1.74131 -0.346517
-0.847499 -2.05718 -0.342447
-0.811427 -2.31266 -0.460082
-0.723052 -2.37539 -0.599571
-0.844502 2.35457 -0.790136
-0.860868 2.26205 -0.723965
-0.867866 2.09118 -0.648427
-0.90994 1.83522 -0.459854
-0.883898 1.54147 -0.432844
-0.849642 1.28307 -0.516163
-0.820324 1.02113 -0.388043
-0.793451 0.75474 -0.446929
-0.774393 0.492608 -0.475965
-0.780226 0.251836 -0.339805
-0.767313 0.0223743 -0.298981
-0.787223 -0.237382 -0.216382
-0.727944 -0.424479 -0.267651
-0.745256 -0.726265 -0.12173
-0.717302 -0.964725 -0.123459
-0.640514 -1.22206 -0.187882
-0.609531 -1.51398 -0.201947
-0.654528 -1.81806 -0.171869
-0.73093 -2.18345 -0.161101
-0.6296 -2.44665 -0.373166
-0.527549 -2.45407 -0.542578
-0.611705 2.36976 -0.735557
-0.615645 2.29092 -0.687416
-0.631196 2.10779 -0.572295
-0.623598 1.871 -0.471949
-0.634602 1.58062 -0.322651
-0.547286 1.33784 -0.52933
-0.525844 1.05041 -0.508776
-0.478464 0.772398 -0.52993
-0.466854 0.481518 -0.4151
-0.493346 0.276308 -0.254392
-0.528453 0.0111708 -0.121056
-0.463101 -0.215759 -0.111469
-0.519226 -0.548632 0.041454
-0.47812 -0.711539 -0.0541713
-0.501251 -1.00386 0.0336546
-0.465733 -1.25493 0.00998943
-0.504858 -1.56944 0.0387414
-0.479514 -1.87068 0.00289068
-0.586171 -2.33814 0.0403872
-0.378392 -2.51009 -0.321241
-0.339784 -2.48578 -0.456724
-0.373135 2.36887 -0.706023
-0.373104 2.28778 -0.662858
-0.37204 2.11966 -0.573905
-0.369025 1.87562 -0.448019
-0.355982 1.62086 -0.336048
-0.342409 1.34977 -0.280492
-0.217747 1.09494 -0.426426
-0.23381 0.798827 -0.266816
-0.222395 0.559061 -0.2201
-0.290258 0.271153 -0.0385523
-0.186976 0.0317353 -0.0930579
-0.4007 -0.24851 0.20832
-0.287053 -0.398925 0.0124749
-0.214722 -0.745217 0.0939609
-0.333898 -1.00905 0.255765
-0.249394 -1.28649 0.140903
-0.285399 -1.60788 0.206019
-0.253671 -1.91356 0.124895
-0.309025 -2.41242 0.2013
-0.145769 -2.48297 -0.299245
-0.147649 -2.50138 -0.350152
-0.134152 2.35931 -0.692822
-0.13218 2.27819 -0.649741
-0.124667 2.11892 -0.57624
-0.115653 1.8713 -0.449555
-0.0996465 1.63328 -0.341495
-0.0893182 1.37378 -0.251307
-0.0925011 1.11872 -0.146503
-0.0840632 0.865961 -0.0983516
-0.0368688 0.627241 0.0211382
-0.110931 0.356782 0.212281
-0.0737538 0.141952 0.376658
-0.254933 -0.233025 0.627682
0.081023 -0.576465 0.387772
-0.0354827 -0.726692 0.236767
-0.0199497 -1.04038 0.381392
-0.000131982 -1.31201 0.201181
0.00343805 -1.60879 0.18218
0.00872608 -1.92724 0.163494
0.016181 -2.39092 0.244662
0.0352179 -2.45504 -0.221789
0.0524352 -2.49271 -0.262698
0.105433 2.34901 -0.691768
0.109853 2.27104 -0.655798
0.119773 2.10897 -0.573963
0.132815 1.86628 -0.472185
0.148522 1.6189 -0.354053
0.159445 1.37832 -0.251733
0.182803 1.13966 -0.180648
0.22036 0.873672 -0.0206014
0.174331 0.654219 0.0499954
0.294737 0.355687 0.263953
0.243311 0.148709 0.326784
0.525348 -0.273876 0.586705
0.123858 -0.489615 0.248876
0.248481 -0.739639 0.184676
0.299808 -1.03244 0.333555
0.242489 -1.29576 0.149071
0.268376 -1.60914 0.212172
0.263896 -1.90074 0.101078
0.338737 -2.33274 0.225061
0.24273 -2.46828 -0.149377
0.25165 -2.47499 -0.176172
0.344791 2.34417 -0.70232
0.354607 2.26385 -0.657091
0.358889 2.10738 -0.595533
0.389031 1.85962 -0.45838
0.390274 1.62632 -0.365436
0.428258 1.35973 -0.249606
0.389542 1.09769 -0.2373
0.37229 0.833085 -0.219037
0.385217 0.562876 -0.16818
0.432528 0.286422 -0.0699314
0.384875 0.0133391 -0.0773023
0.505889 -0.231134 0.0801713
0.555876 -0.467733 0.0394505
0.391832 -0.734163 -0.017489
0.557437 -1.01348 0.140498
0.465813 -1.27536 0.0414531
0.550024 -1.57069 0.105809
0.46934 -1.86952 -0.0114749
0.590118 -2.2107 0.0481883
0.48727 -2.41722 -0.134226
0.472194 -2.44034 -0.188793
0.583529 2.34048 -0.724169
0.58848 2.26248 -0.692701
0.616547 2.0932 -0.588604
0.630922 1.85853 -0.495202
0.668123 1.59673 -0.34787
0.646432 1.33639 -0.374928
0.557183 1.08119 -0.545571
0.568746 0.778529 -0.492172
0.574045 0.499305 -0.423791
0.636042 0.263342 -0.278709
0.688096 0.0172108 -0.177642
0.677814 -0.23965 -0.157093
0.65812 -0.511227 -0.107003
0.720486 -0.734235 -0.106271
0.68742 -0.990785 -0.0929772
0.659985 -1.24307 -0.133026
0.621798 -1.52018 -0.18192
0.663964 -1.81078 -0.158464
0.701963 -2.11769 -0.179482
0.68187 -2.31883 -0.253304
0.643557 -2.37639 -0.310246
0.820593 2.3306 -0.760304
0.833698 2.2549 -0.722213
0.8663 2.07333 -0.610903
0.896365 1.84211 -0.525868
0.93858 1.55486 -0.372134
0.880732 1.30964 -0.581233
0.898133 1.0244 -0.50254
0.882357 0.764945 -0.508917
0.879568 0.482726 -0.545199
0.922105 0.246802 -0.394612
0.93669 0.00809102 -0.356299
0.957523 -0.236841 -0.294127
0.962823 -0.465138 -0.306219
0.926955 -0.723514 -0.259038
0.949046 -0.974804 -0.226806
0.872169 -1.21899 -0.286002
0.820422 -1.46666 -0.327834
0.802603 -1.74737 -0.355162
0.838361 -2.03196 -0.347854
0.815777 -2.23964 -0.414092
0.779131 -2.32356 -0.467414
1.05172 2.30618 -0.819685
1.07678 2.21834 -0.761006
1.10427 2.04756 -0.698767
1.17688 1.79942 -0.537422
1.19597 1.51264 -0.502942
1.17961 1.24619 -0.566148
1.19237 1.00442 -0.476716
1.2042 0.722932 -0.467649
1.19092 0.48249 -0.531843
1.19837 0.242352 -0.512
1.22608 0.00389637 -0.451515
1.22324 -0.238583 -0.426693
1.19813 -0.48754 -0.406646
1.16855 -0.714835 -0.435118
1.11022 -0.945457 -0.451289
1.08932 -1.18805 -0.436788
1.01703 -1.42489 -0.482978
0.978594 -1.67596 -0.502937
0.955544 -1.95051 -0.533155
0.94087 -2.14052 -0.569205
0.904338 -2.24848 -0.62622
1.2744 2.2572 -0.89631
1.29552 2.16355 -0.852774
1.34268 1.98768 -0.765762
1.42998 1.74475 -0.659256
1.46998 1.44971 -0.606445
1.40291 1.20102 -0.721128
1.47623 0.949583 -0.655632
1.4739 0.695247 -0.667594
1.42511 0.455978 -0.724946
1.4756 0.223964 -0.65243
1.48336 -0.00995377 -0.634192
1.48864 -0.250054 -0.606403
1.44501 -0.477571 -0.631922
1.38061 -0.705012 -0.637787
1.31849 -0.926027 -0.65302
1.24773 -1.1429 -0.659626
1.20426 -1.37406 -0.647592
1.14194 -1.60981 -0.667395
1.09446 -1.85864 -0.685764
1.05453 -2.03984 -0.725718
1.02507 -2.14701 -0.772125
1.47813 2.1686 -0.990751
1.50001 2.07596 -0.947339
1.55896 1.90092 -0.884002
1.62981 1.65343 -0.836813
1.69878 1.38391 -0.799752
1.64479 1.13334 -0.868914
1.62255 0.903717 -0.916061
1.63965 0.665482 -0.919178
1.66632 0.435761 -0.903226
1.7235 0.20681 -0.867092
1.73456 -0.0299048 -0.851745
1.71291 -0.263742 -0.858108
1.6629 -0.49128 -0.859737
1.60281 -0.705405 -0.867405
1.5228 -0.911547 -0.867925
1.44456 -1.11844 -0.86964
1.35509 -1.32093 -0.866153
1.2847 -1.53207 -0.847773
1.21741 -1.76274 -0.852551
1.17208 -1.92563 -0.869405
1.14278 -2.02357 -0.903618
1.64697 2.04378 -1.10904
1.67226 1.95321 -1.08302
1.71226 1.78227 -1.05557
1.78908 1.54995 -1.04638
1.83074 1.31401 -1.06823
1.862 1.07363 -1.07879
1.80802 0.851663 -1.14658
1.84102 0.625527 -1.16096
1.88229 0.402139 -1.16231
1.90321 0.173277 -1.16903
1.91104 -0.0557233 -1.1817
1.89015 -0.280707 -1.19071
1.84468 -0.495791 -1.20528
1.7772 -0.703532 -1.20725
1.70491 -0.908623 -1.1941
1.61959 -1.0991 -1.14889
1.53392 -1.28718 -1.10397
1.43073 -1.46795 -1.0565
1.33599 -1.65338 -1.00847
1.28756 -1.80872 -1.01248
1.25484 -1.89371 -1.03141
1.73411 1.94235 -1.19846
1.74894 1.84318 -1.16521
1.80874 1.71618 -1.21162
1.85312 1.48092 -1.19805
1.89946 1.2642 -1.253
1.91653 1.04087 -1.27674
1.90653 0.816122 -1.3118
1.91728 0.600708 -1.3622
1.9598 0.378545 -1.38321
1.97151 0.153552 -1.41191
1.96134 -0.0706572 -1.44006
1.92275 -0.287638 -1.47989
1.87213 -0.498223 -1.50583
1.81167 -0.703736 -1.50525
1.74588 -0.892193 -1.47335
1.67915 -1.08375 -1.43317
1.60052 -1.26463 -1.34922
1.51982 -1.43887 -1.25697
1.4225 -1.60523 -1.15044
1.34685 -1.70278 -1.0895
1.32824 -1.79661 -1.11045
1.76915 1.87928 -1.23392
1.80372 1.82006 -1.27015
1.84093 1.67464 -1.29039
1.87316 1.44866 -1.26711
1.92959 1.24932 -1.40005
1.93675 1.02018 -1.36102
1.93401 0.8001 -1.39404
1.95901 0.589812 -1.48493
1.97608 0.36526 -1.50273
1.98187 0.142236 -1.53042
1.96864 -0.0793262 -1.57117
1.93372 -0.29236 -1.63656
1.88496 -0.498425 -1.70931
1.83561 -0.703661 -1.7903
1.78413 -0.927395 -1.79066
1.71829 -1.11261 -1.66853
1.64415 -1.27954 -1.54731
1.55951 -1.44369 -1.40982
1.46738 -1.59977 -1.29056
1.39664 -1.70334 -1.18557
1.36164 -1.75166 -1.15322
