-59.7081 -30.533 -1341.57
-61.4663 -33.0304 -1342.03
-63.8311 -37.0613 -1342.32
-67.0413 -41.6855 -1342.22
-68.7308 -44.7977 -1341.34
-70.3007 -47.1907 -1340.2
-71.8313 -49.4853 -1338.79
-73.419 -51.4919 -1337.41
-74.9098 -53.5193 -1335.96
-76.4943 -55.1597 -1334.46
-77.4459 -57.2325 -1332.63
-78.3298 -58.6676 -1330.9
-79.0371 -60.5952 -1329.25
-80.1165 -62.0965 -1327.54
-81.2898 -64.0614 -1326.03
-82.7626 -65.8183 -1324.06
-83.6369 -67.9394 -1321.87
-84.49 -69.8116 -1319.17
-84.9265 -71.2254 -1316.07
-85.7498 -72.7006 -1312.87
-86.4282 -74.4361 -1307.71
-86.8597 -75.0601 -1303.47
-86.851 -75.4033 -1300.54
-57.5665 -27.2042 -1341.14
-61.9215 -28.8468 -1339.86
-65.2523 -32.1288 -1340.8
-69.009 -36.9766 -1340.69
-72.3349 -39.0351 -1342.08
-74.2653 -42.006 -1342.37
-75.9549 -45.7618 -1341.99
-77.4703 -49.7116 -1340.85
-78.5617 -53.235 -1339.25
-79.5246 -56.2781 -1337.59
-81.0514 -58.0078 -1335.61
-82.384 -59.4973 -1333.69
-83.6608 -60.0356 -1331.63
-84.5885 -61.2383 -1329.03
-85.0429 -62.5955 -1326.09
-84.8049 -64.6379 -1323.93
-86.4907 -66.5535 -1321.86
-88.1294 -68.3289 -1318.61
-90.1714 -70.1771 -1315.03
-90.4336 -71.6162 -1310.51
-90.649 -72.8343 -1304.13
-89.6517 -73.1611 -1299.33
-86.808 -75.7296 -1296.47
-53.4287 -21.2211 -1338.1
-58.0208 -22.1163 -1337.56
-63.2101 -25.2825 -1335.45
-70.1598 -27.6861 -1336.12
-72.4406 -31.1553 -1334.71
-76.9095 -32.0159 -1335.81
-81.7122 -32.062 -1337.71
-87.0043 -32.7375 -1339.89
-92.1089 -35.0604 -1340.62
-97.016 -38.2577 -1340.19
-99.5189 -42.7225 -1337.97
-101.348 -46.6459 -1335.52
-102.371 -50.693 -1331.95
-103.659 -54.264 -1329.26
-105.545 -57.4587 -1326.53
-108.656 -60.6141 -1322.5
-108.251 -63.5501 -1316.37
-106.244 -66.0795 -1310.32
-101.839 -67.2615 -1304.74
-98.5136 -67.4534 -1300.08
-91.9216 -68.5345 -1294.97
-88.1871 -72.7046 -1290.97
-86.217 -75.3734 -1287.88
-47.7155 -12.5383 -1333.24
-52.5074 -13.7618 -1331.64
-60.0048 -14.7563 -1330.98
-65.859 -19.1698 -1327.58
-72.3807 -19.1531 -1328.17
-75.0574 -21.7379 -1326.27
-77.948 -24.9151 -1324.13
-81.1566 -26.9743 -1322.07
-84.6014 -28.1879 -1320.37
-87.8807 -29.3625 -1318.1
-92.8093 -29.9757 -1316.66
-95.7337 -31.9035 -1314.36
-99.1088 -33.2762 -1313.15
-101.471 -35.8963 -1309.79
-102.969 -39.2126 -1305.85
-102.68 -43.4375 -1301.9
-101.476 -47.9817 -1298.59
-98.7449 -51.8217 -1295.09
-97.5849 -55.5608 -1292.08
-92.2758 -59.2182 -1289.53
-90.1277 -65.0497 -1283.81
-88.1935 -69.8829 -1278.58
-83.9811 -72.9271 -1276.21
-42.8384 -5.60345 -1328.12
-48.2846 -5.91052 -1326.96
-54.4604 -8.18921 -1324.06
-65.1464 -8.05088 -1324.23
-65.4498 -14.2123 -1318.52
-71.2047 -14.7747 -1318.11
-76.5341 -14.4168 -1317.87
-81.2966 -15.5938 -1317.17
-84.9734 -17.995 -1315.41
-87.6025 -21.0879 -1313.62
-87.7334 -24.8475 -1309.85
-89.0446 -27.8843 -1306.97
-90.1303 -31.3782 -1302.01
-91.6448 -34.7145 -1299.82
-93.2723 -37.6515 -1297.92
-94.978 -40.1028 -1295.34
-95.659 -42.9094 -1291.52
-95.6833 -46.7197 -1287.69
-89.6741 -49.8248 -1284.79
-91.126 -54.2302 -1279.61
-90.9509 -60.9189 -1272.38
-83.7448 -65.7043 -1269.19
-81.5088 -69.5832 -1266.27
-38.6819 0.480188 -1324.01
-44.0744 -0.0496486 -1322.33
-51.1086 -1.9581 -1319.05
-61.0914 -2.36729 -1317.47
-66.8087 -2.90929 -1316.29
-68.0095 -7.60116 -1310.54
-73.7221 -9.29471 -1309.84
-77.6582 -10.9555 -1308.06
-83.2666 -11.3447 -1307.23
-87.7559 -12.9594 -1304.29
-93.2887 -15.2316 -1302.55
-95.4698 -17.8067 -1299.21
-97.1934 -19.8262 -1298.53
-100.989 -23.4563 -1295.04
-100.553 -27.3315 -1289.79
-98.4181 -31.9588 -1285.59
-95.041 -35.7211 -1282.77
-88.2853 -38.9089 -1279.8
-91.611 -44.7794 -1274.86
-92.2267 -49.4605 -1270.56
-82.6163 -55.8499 -1266.59
-81.8837 -61.9606 -1261.35
-78.6981 -66.1607 -1258.44
-33.7241 8.1822 -1320.64
-38.9499 6.94547 -1317.1
-47.4185 6.37826 -1314.41
-56.5893 4.77972 -1310.78
-62.6251 3.80993 -1308.86
-68.9889 3.9154 -1308.4
-73.6106 3.09888 -1305.54
-78.6689 0.908888 -1302.63
-82.1928 -1.58465 -1300
-86.7073 -3.43895 -1299.44
-89.5026 -5.83662 -1295.19
-95.1483 -9.39826 -1294.73
-97.6016 -14.5056 -1286.92
-95.6474 -16.8938 -1282.67
-95.9755 -21.426 -1280.08
-93.5562 -23.9527 -1277.9
-94.4345 -28.414 -1273.34
-94.2079 -33.8284 -1269.12
-90.3335 -38.2706 -1266.04
-84.4064 -43.1514 -1263.02
-81.8103 -50.917 -1257.02
-77.1005 -57.4215 -1252.61
-75.8112 -62.0267 -1249.34
-28.6548 15.468 -1316.27
-35.4916 16.4441 -1315.04
-42.9823 14.3664 -1309.32
-53.2103 13.188 -1305.17
-58.6894 11.4851 -1301.49
-63.3582 9.75531 -1298.51
-66.9293 5.94346 -1295.23
-71.3294 4.9069 -1293.06
-77.0383 2.47348 -1289.26
-78.5068 -1.67124 -1282.28
-85.4904 -1.94631 -1282.28
-77.0783 -5.86308 -1273.43
-80.9411 -2.41436 -1279.57
-87.4081 -7.90812 -1277.62
-83.8946 -10.5692 -1274.79
-90.7079 -17.3375 -1268
-85.7585 -22.2605 -1265.86
-86.6446 -26.8542 -1261.27
-87.3901 -32.2142 -1256.41
-86.6148 -38.4413 -1251.64
-76.9655 -45.4553 -1248.11
-75.1505 -52.8739 -1243.11
-72.3246 -57.4956 -1240.44
-23.3648 23.4126 -1311.13
-29.8829 25.1176 -1310.49
-41.1898 26.8747 -1307.76
-48.9263 22.3224 -1298.75
-53.843 19.906 -1294.83
-58.7953 17.6598 -1290.57
-63.4065 16.2006 -1287.35
-65.139 8.39876 -1281.03
-70.7098 11.1893 -1281.65
-79.4497 14.2508 -1285.07
-83.6875 13.0692 -1278.05
-100.055 8.12084 -1286.44
-100.681 -1.58044 -1271.12
-88.7731 0.0843605 -1264.12
-90.2836 -9.15275 -1260.79
-78.2597 -9.18243 -1261.97
-83.6385 -14.317 -1255.81
-84.2942 -18.8083 -1250.7
-83.5558 -24.9025 -1246.17
-80.0388 -31.0718 -1242.52
-77.3174 -40.6644 -1236.49
-72.9578 -48.4077 -1232.41
-68.9406 -52.9657 -1230.34
-18.1952 30.9183 -1307.03
-25.3027 33.8667 -1306.11
-36.2815 36.343 -1302.01
-45.1355 31.4031 -1292.24
-49.7602 28.8282 -1286.62
-53.749 25.2715 -1282.13
-55.8755 21.3836 -1277.84
-62.9667 20.9924 -1273.95
-67.6303 18.7092 -1269.83
-76.0845 21.9427 -1265.75
-82.4475 23.8563 -1267.47
-93.7097 33.9846 -1256.58
-94.8772 22.0458 -1252.3
-87.018 10.5709 -1256.58
-81.4342 6.98516 -1253.62
-77.7839 -0.911759 -1251.88
-77.4949 -6.48925 -1246.6
-76.0904 -12.9797 -1242.95
-77.9003 -19.0466 -1237.55
-80.8872 -25.3757 -1231.98
-78.3055 -36.7446 -1225.36
-69.7837 -43.506 -1222.87
-65.8111 -48.729 -1221.03
-13.4114 37.8347 -1301.49
-20.8288 41.0796 -1299.24
-29.48 41.0656 -1293.41
-39.2119 39.2366 -1284.53
-42.4989 33.2863 -1279.28
-43.9781 28.7626 -1273.67
-51.6443 27.3787 -1269.08
-53.4913 24.6361 -1264.4
-59.6095 24.861 -1260.02
-63.4908 24.824 -1256.15
-68.473 28.2415 -1249.54
-69.349 25.9631 -1247.82
-72.6618 23.2003 -1243.13
-71.7572 19.0267 -1242.49
-68.8425 11.6753 -1245.26
-68.767 5.97344 -1242.16
-69.5345 0.117529 -1238.01
-71.5203 -5.73101 -1232.59
-74.2778 -10.5624 -1226.98
-75.5239 -17.345 -1221.73
-76.6056 -30.8235 -1212.97
-64.936 -37.8614 -1214.68
-61.762 -42.9187 -1212.88
-10.8466 41.6438 -1294.04
-16.015 43.0086 -1291.59
-27.2382 48.1516 -1287.84
-29.3766 38.0476 -1277.58
-32.3284 34.8327 -1271.74
-39.3436 32.6183 -1266.93
-37.8269 26.371 -1261.04
-47.611 26.6798 -1255.53
-52.2385 27.9924 -1251.66
-57.9597 28.0111 -1247.25
-61.8365 31.1355 -1246.27
-67.068 32.7358 -1240.96
-67.9454 27.5464 -1237.53
-65.3866 21.1158 -1238.17
-63.3652 16.9694 -1236.91
-60.5609 10.1734 -1235.58
-61.0054 3.55243 -1232
-61.8721 -2.68421 -1227.56
-63.7778 -9.99252 -1222.15
-68.0911 -13.5471 -1215.13
-67.6646 -24.3642 -1208.36
-63.5301 -33.1991 -1206
-57.7036 -37.6834 -1206.7
-8.45901 44.4146 -1289.3
-14.5813 47.7244 -1287.91
-22.7545 48.2969 -1281.98
-28.0819 44.9378 -1275.32
-35.2815 45.0388 -1268.22
-35.7315 40.4016 -1260.65
-41.5435 36.4215 -1253.39
-41.5718 28.3176 -1249.48
-47.6045 30.0423 -1244.91
-53.0168 31.8835 -1243.42
-56.6643 32.1516 -1239.14
-58.7524 30.372 -1237.55
-59.5208 28.3182 -1234.54
-59.3778 25.4711 -1233.6
-54.9169 19.4687 -1233.54
-56.1099 14.6228 -1231.63
-51.9345 7.3883 -1226.23
-60.4471 2.28405 -1219.4
-59.9492 -3.73517 -1215.96
-60.9494 -12.2078 -1211.5
-65.8807 -20.0048 -1204.92
-58.1321 -29.1515 -1202.74
-55.3095 -33.6174 -1202.38
-6.81483 46.9183 -1285.65
-12.2875 49.1294 -1283.17
-22.2227 53.524 -1281.37
-24.4394 46.1551 -1269.38
-36.884 52.2795 -1269.26
-43.4247 48.7202 -1255.93
-38.9074 38.6804 -1251.74
-35.527 33.1691 -1244.57
-48.3612 36.4674 -1241.71
-49.674 34.7861 -1239.42
-56.133 36.2277 -1237.58
-57.7541 34.6497 -1233.95
-59.5264 31.9266 -1231.59
-56.8993 26.2398 -1229.28
-55.3074 24.8923 -1229.28
-47.8025 15.5976 -1226.08
-59.1853 14.1797 -1222.63
-63.4915 10.7505 -1216.56
-67.34 -0.627171 -1208.37
-62.8135 -8.79872 -1207.12
-60.1475 -17.9697 -1201.48
-57.827 -25.6821 -1199.51
-52.6345 -30.4729 -1199.17
-5.49413 49.3689 -1282.58
-9.19028 50.5494 -1278.86
-22.2702 57.0591 -1279.63
-24.8444 51.4504 -1267.09
-25.735 48.3194 -1258.84
-28.3343 47.8093 -1254.29
-27.389 41.975 -1246.71
-40.6832 41.9938 -1242.17
-43.7219 39.4868 -1240.37
-50.4193 39.5761 -1237.39
-52.1957 37.5742 -1234.08
-54.5474 35.5915 -1231.24
-55.0582 33.0175 -1228.61
-55.9641 30.0266 -1226.1
-52.86 25.4024 -1223.6
-51.102 22.5 -1220.81
-46.5854 13.1181 -1216.34
-58.5259 11.8575 -1210.23
-58.2656 2.6458 -1204.75
-54.5031 -6.74733 -1205.48
-64.2737 -14.4895 -1197.31
-52.5112 -23.298 -1197.08
-51.2338 -27.5097 -1196.06
-3.02264 52.3094 -1277.95
-8.9903 54.0267 -1275.35
-16.1054 58.6152 -1272.3
-28.6872 59.9165 -1267.59
-32.4223 57.3022 -1260.47
-35.7538 53.9712 -1254.02
-39.4606 52.4752 -1246.34
-41.7583 49.1477 -1242.33
-47.7134 48.1089 -1238.56
-50.4356 45.7589 -1234.31
-51.9751 42.9597 -1230.21
-53.327 40.3338 -1227.04
-54.6863 37.3787 -1224.11
-55.4878 33.9048 -1221.14
-56.173 29.7812 -1218.43
-53.9145 24.8429 -1214.78
-51.6814 20.4831 -1210.9
-50.1871 11.217 -1205.09
-54.7718 4.98814 -1202.89
-63.6772 -2.17861 -1198.25
-57.7054 -12.5432 -1192.4
-51.3904 -18.3853 -1193.81
-47.9875 -23.4743 -1192.51
0.698922 57.4269 -1269.44
-4.62557 59.5201 -1266.43
-13.0545 62.0382 -1262.28
-22.6015 68.4374 -1255.96
-31.0036 68.9453 -1251.49
-37.3348 68.7475 -1246.41
-40.4642 64.6551 -1240.94
-42.7971 61.7014 -1234.75
-43.6148 57.5698 -1229.73
-44.9694 53.8625 -1225.35
-46.1842 50.1438 -1221.75
-47.7638 47.1806 -1218.42
-49.7245 44.5404 -1215.16
-51.8788 41.6594 -1211.9
-54.6907 38.5384 -1208.26
-58.6286 35.206 -1204.79
-63.3013 30.0596 -1200.47
-66.0275 24.8594 -1197.41
-67.7176 17.2258 -1191.54
-59.3741 6.88969 -1187.43
-51.34 -3.43043 -1187.54
-46.231 -11.2862 -1186.14
-43.1021 -16.4136 -1185.02
6.1276 64.9544 -1257.09
0.977487 66.7645 -1253.65
-5.48168 71.6621 -1248.3
-13.0594 68.5055 -1238.9
-15.3465 67.2529 -1232.92
-17.3997 66.2376 -1228.08
-21.5448 66.8673 -1223.73
-25.1315 65.556 -1219.86
-28.9101 64.2698 -1215.67
-31.7579 62.1964 -1211.66
-34.4386 60.1122 -1207.64
-36.4403 57.7389 -1204.16
-38.0338 54.9745 -1200.92
-39.6456 51.8394 -1197.48
-40.7226 48.1481 -1194.2
-41.0538 43.4154 -1190.74
-39.6354 38.0866 -1188.2
-39.01 31.0601 -1184.75
-38.03 25.4191 -1182.94
-42.9348 20.0307 -1180.29
-42.9965 8.14582 -1175.59
-38.7733 -0.240298 -1175.47
-35.8773 -5.94344 -1174.58
11.2738 71.7294 -1242.91
7.23682 73.6742 -1238.73
1.62631 72.6451 -1231.47
-1.91628 74.5902 -1223.76
-5.40534 74.9594 -1219.1
-8.13926 74.5864 -1214.58
-9.31624 72.7778 -1209.78
-10.9697 71.5954 -1204.8
-12.0767 69.5028 -1200.42
-13.5737 67.2446 -1196.5
-14.5956 64.204 -1193.35
-15.5574 61.1808 -1190.84
-16.869 58.5649 -1188.3
-18.1057 55.5467 -1185.94
-20.0436 52.671 -1183.28
-22.3154 49.6316 -1180.69
-25.9594 45.8999 -1177.65
-28.6552 41.986 -1175.37
-31.6388 36.532 -1172.46
-29.2867 29.6343 -1170.39
-29.3682 21.2782 -1169.03
-28.619 12.6158 -1166.77
-26.9946 7.02667 -1166.18
13.2489 74.1921 -1233.07
9.46105 74.4892 -1228.44
9.7475 76.0367 -1222.1
8.59715 74.4773 -1213.6
8.49543 73.3709 -1208.39
8.1483 72.1907 -1203.98
6.75668 71.3101 -1199.92
5.44754 69.488 -1196.16
3.83044 67.5923 -1192.58
2.3907 65.3358 -1189.35
0.768548 63.2273 -1186.31
-0.721934 61.1258 -1183.69
-1.91467 58.6295 -1181.44
-3.43787 56.2422 -1178.92
-4.7546 53.4684 -1176.47
-6.28179 50.4798 -1173.82
-7.39759 47.1365 -1171.36
-9.21188 42.7552 -1168.94
-10.6905 38.5801 -1167.68
-14.9906 34.3686 -1166.61
-19.198 26.9938 -1164.78
-21.985 21.4819 -1164.8
-21.1846 15.8794 -1163.29
13.8 74.7704 -1229.17
14.3261 75.4797 -1224.86
15.0137 75.404 -1218.14
14.6562 74.7011 -1210.21
14.0683 73.7371 -1205.4
13.2186 72.4071 -1201.28
12.3862 70.5614 -1197.27
11.2036 68.4335 -1193.55
9.96068 66.0247 -1190.28
8.59803 63.6363 -1187.27
7.28947 61.1529 -1184.62
6.03146 59.0034 -1182.21
4.75106 56.8802 -1179.86
3.46597 54.5925 -1177.4
1.96956 52.2269 -1174.89
0.288607 49.5955 -1172.2
-1.91333 46.5003 -1169.63
-4.31996 43.0212 -1167.19
-6.73555 39.0061 -1165.23
-9.20954 34.5517 -1163.81
-13.0757 28.0357 -1162.6
-16.6929 22.9352 -1162.53
-18.8687 19.4482 -1162.93
