5.44806e-007
4.08511e-007
4.46236e-007
3.58571e-007
3.75593e-007
3.36155e-007
3.50723e-007
3.25451e-007
3.30938e-007
3.59226e-007
3.01487e-007
3.92391e-007
3.01315e-007
3.41543e-007
3.38485e-007
3.38813e-007
3.50152e-007
3.45083e-007
3.66458e-007
3.39396e-007
3.95481e-007
3.39248e-007
2.90334e-007
3.33376e-007
2.89903e-007
3.53275e-007
3.31391e-007
3.37281e-007
3.37873e-007
3.25176e-007
3.52407e-007
3.15498e-007
3.72057e-007
3.08942e-007
3.74479e-007
3.13374e-007
3.81198e-007
3.2664e-007
3.32251e-007
3.39439e-007
3.2372e-007
3.55932e-007
3.18906e-007
3.85035e-007
3.18451e-007
3.33171e-007
3.14901e-007
3.51949e-007
3.1781e-007
3.54713e-007
