-1.74904 1.66715 -1.55571
-1.78124 1.4845 -1.59404
-1.80965 1.16916 -1.56512
-1.87587 0.780003 -1.84904
-1.92518 0.323459 -1.84184
-1.89355 -0.0823125 -1.62241
-1.80611 -0.527366 -1.70488
-1.72897 -0.938918 -1.67907
-1.59444 -1.29206 -1.299
-1.4415 -1.54054 -1.20845
-1.3639 -1.67179 -1.08044
-1.67943 1.86899 -1.4127
-1.71225 1.59855 -1.24863
-1.78307 1.2827 -1.43501
-1.85327 0.834456 -1.27302
-1.95963 0.428975 -1.30809
-1.8799 -0.0444811 -1.28364
-1.7891 -0.520406 -1.14989
-1.66402 -0.865474 -1.03111
-1.38511 -1.3025 -1.06885
-1.34386 -1.56893 -0.833634
-1.25065 -1.85118 -0.967032
-1.51833 2.10318 -1.05167
-1.53738 1.87797 -1.11526
-1.73897 1.46004 -0.684655
-1.55279 0.950175 -1.10277
-1.59745 0.482709 -0.836719
-1.73319 -0.0141428 -0.73089
-1.55524 -0.454686 -0.752666
-1.33447 -0.927558 -0.720859
-1.29351 -1.41233 -0.535595
-1.04848 -1.83499 -0.750797
-1.07888 -2.07614 -0.751438
-1.01076 2.33678 -0.874628
-1.13532 2.12665 -0.465595
-1.07797 1.64812 -0.659752
-1.09418 1.09438 -0.276712
-1.03438 0.547608 -0.467466
-0.927303 0.0779653 -0.248202
-0.901817 -0.534887 -0.194325
-0.887363 -0.977511 -0.215518
-0.615844 -1.58331 -0.447337
-0.914332 -2.11729 -0.207337
-0.712923 -2.45232 -0.561611
-0.560908 2.3761 -0.684169
-0.532524 2.15528 -0.747819
-0.614291 1.7581 -0.0602468
-0.42595 1.17903 -0.761509
-0.331893 0.510836 -0.483325
-0.532685 -0.0283162 -0.341221
-0.473033 -0.435254 -0.148154
-0.473139 -1.09068 0.100124
-0.456812 -1.63929 0.0935548
-0.597701 -2.50116 0.153341
-0.244167 -2.53724 -0.497325
-0.10315 2.36154 -0.715619
-0.0981515 2.11655 -0.447094
-0.0703421 1.79703 -0.619959
-0.0609744 1.19099 0.128245
0.0878858 0.774363 -0.0887915
-0.0884575 0.161766 0.901371
0.0159537 -0.613625 0.464686
0.0275957 -1.04743 0.387033
0.0336102 -1.7656 0.130817
0.0853144 -2.43365 0.348493
0.0508492 -2.51095 -0.301581
0.383521 2.3413 -0.674778
0.404647 2.11997 -0.711235
0.42294 1.76138 -0.249606
0.465235 1.21546 -0.387001
0.175257 0.598348 -0.411678
0.728484 0.0129914 0.0315798
0.541034 -0.488203 -0.0363242
0.55644 -1.07205 0.07086
0.556252 -1.67426 0.0709512
0.635343 -2.27428 0.00491398
0.527124 -2.4684 -0.123748
0.884511 2.33636 -0.768413
0.892706 2.13677 -0.598119
1.04369 1.70581 -0.370092
0.895474 1.13885 -0.556317
1.03305 0.51027 -0.513331
0.842265 0.0432781 -0.431642
0.942683 -0.533015 -0.297564
0.998028 -0.99832 -0.235308
0.710205 -1.58186 -0.522846
0.90889 -2.02782 -0.3499
0.821458 -2.30719 -0.535775
1.41014 2.22851 -0.95402
1.55871 1.99914 -0.766714
1.60382 1.56399 -0.716439
1.68476 0.996807 -0.661145
1.59003 0.520241 -0.700438
1.79871 -0.000851723 -0.664081
1.6899 -0.506775 -0.67923
1.40061 -0.959373 -0.858487
1.39506 -1.44968 -0.610862
1.13397 -1.82848 -0.837712
1.10751 -2.09595 -0.834516
1.69704 2.02313 -1.10651
1.66652 1.76966 -1.11964
1.97462 1.42811 -0.992398
1.77064 0.920856 -1.26752
1.8974 0.445526 -1.28647
1.94086 -0.0425602 -1.22424
1.83249 -0.547259 -1.2712
1.75505 -0.922463 -1.09051
1.43152 -1.36519 -1.2171
1.36526 -1.62199 -0.944238
1.27505 -1.85681 -1.0678
1.77198 1.88346 -1.25222
1.83797 1.68691 -1.23389
1.9104 1.36941 -1.38244
1.95246 0.8797 -1.34645
1.9787 0.42797 -1.49671
2.00324 -0.0735032 -1.54132
1.88122 -0.516996 -1.72944
1.76855 -0.969617 -1.82697
1.62714 -1.36526 -1.40563
1.45511 -1.6175 -1.29507
1.36111 -1.75286 -1.14926
