-59.696 -30.5119 -1341.61
-63.1488 -34.4571 -1342.02
-66.7172 -40.5894 -1344.02
-72.1292 -50.3895 -1339.13
-72.7471 -57.5971 -1336.05
-77.3881 -61.6068 -1331.32
-76.2621 -65.9514 -1324.52
-80.6682 -68.1425 -1322.54
-85.998 -74.1378 -1312.66
-88.2933 -74.7589 -1305.22
-86.7389 -75.3909 -1300.52
-54.8568 -22.888 -1340.14
-62.0967 -24.6517 -1336.79
-69.6754 -32.624 -1334.29
-82.3777 -33.0689 -1345.06
-97.8905 -41.6038 -1345.05
-99.3615 -51.6622 -1336.94
-110.432 -57.0831 -1332.42
-110.544 -70.3831 -1316.06
-99.8413 -68.4525 -1301.67
-88.1764 -69.4701 -1296.71
-87.1803 -76.0755 -1290.84
-47.0918 -12.1782 -1332
-56.5177 -12.6936 -1333.03
-66.5316 -13.8268 -1330.91
-77.1515 -26.3635 -1318.02
-82.7761 -25.2451 -1320.31
-100.62 -31.3058 -1314.46
-96.4553 -43.2587 -1301.33
-100.321 -46.5496 -1296.56
-87.5874 -60.7406 -1287.52
-95.4202 -68.8689 -1278.55
-83.6872 -73.4989 -1274.57
-36.118 4.6496 -1322.1
-42.7795 2.21851 -1314.74
-58.5584 0.832024 -1313.41
-71.5391 -1.54566 -1310.15
-92.135 -6.47088 -1302.32
-83.5446 -16.4895 -1290.52
-104.54 -21.6757 -1286.96
-89.0674 -36.7496 -1275.08
-92.589 -45.45 -1266.25
-76.9677 -56.3153 -1257.56
-77.2296 -63.6424 -1253.71
-24.3282 22.6578 -1312.87
-37.4337 22.0796 -1312.74
-48.7105 26.374 -1303.81
-69.2507 12.3518 -1285.14
-63.4879 9.10618 -1282.38
-115.55 6.68069 -1286.91
-75.3292 -13.0124 -1259.33
-90.2177 -12.8704 -1258.72
-80.979 -38.0096 -1239.3
-72.8611 -44.7024 -1241.62
-70.6185 -54.502 -1231.24
-12.3476 36.7799 -1302.88
-28.9816 47.3749 -1299.45
-37.7779 39.0778 -1286.96
-49.2762 23.1025 -1270.51
-66.8745 26.7041 -1263.03
-83.7998 42.3545 -1237.98
-79.2055 9.49919 -1245.98
-64.5767 -5.04306 -1238.76
-84.2798 -18.0828 -1219.87
-76.2833 -37.1824 -1209.94
-60.982 -44.1905 -1213.99
-9.12419 46.3553 -1288.26
-14.7569 45.0925 -1282.92
-27.8725 50.3 -1278.41
-36.1806 33.9307 -1249.04
-42.0476 24.404 -1240.85
-60.8342 31.3714 -1235.37
-43.258 17.7242 -1233.85
-58.5927 8.75156 -1222.64
-60.6853 -13.2861 -1206.77
-59.6056 -23.7232 -1203.32
-55.0826 -32.8153 -1200.65
-2.1142 53.0397 -1276.23
-11.1018 57.8457 -1272.46
-30.7019 66.9135 -1270.82
-36.4601 56.149 -1244.73
-53.7621 52.8061 -1236.79
-53.6534 41.8268 -1223.72
-61.5576 31.7002 -1216.3
-49.9618 20.6897 -1204.66
-71.6222 -3.82703 -1193.73
-51.9767 -14.7459 -1191.56
-46.8567 -21.7335 -1191.44
5.46324 64.7607 -1257.97
-0.877714 66.9052 -1252.04
-9.79813 71.98 -1239.27
-35.7597 72.7725 -1228.99
-28.9968 61.6559 -1212.33
-39.2968 55.9117 -1205.6
-43.0628 49.7436 -1192.57
-61.8236 36.92 -1189.03
-44.6909 20.2098 -1175.2
-39.6899 1.55919 -1176.56
-36.9637 -6.99149 -1174.55
12.4922 72.768 -1241.38
2.18817 76.8433 -1234.81
-3.32774 73.2854 -1223.08
0.0836231 70.9724 -1205.22
-13.6488 72.2228 -1196.88
-14.2296 63.0959 -1186.51
-18.8196 53.3858 -1181.91
-13.07 44.8126 -1173.05
-28.2991 30.2158 -1171.63
-31.7096 19.4154 -1165.97
-25.6414 8.36072 -1164.71
13.5428 74.8602 -1229.13
14.0342 74.9221 -1221.76
15.5569 76.2653 -1210.96
10.661 71.7866 -1197.48
10.2911 64.4967 -1188.07
5.55262 58.3762 -1181.53
2.1185 52.4728 -1174.12
-5.7411 45.6459 -1168.29
-9.32926 34.0655 -1162.52
-15.4188 25.5266 -1163.18
-19.0257 19.527 -1162.81
