-1.74688 1.66461 -1.54921
-1.76121 1.61989 -1.57872
-1.77768 1.51312 -1.60028
-1.78741 1.35097 -1.57125
-1.80938 1.19229 -1.6067
-1.83603 1.05162 -1.68389
-1.86096 0.909487 -1.7559
-1.88379 0.759016 -1.81303
-1.90208 0.598752 -1.83367
-1.91653 0.437645 -1.8294
-1.91987 0.278958 -1.79357
-1.91175 0.128288 -1.73466
-1.894 -0.0208555 -1.67516
-1.86895 -0.176246 -1.63274
-1.84239 -0.337687 -1.64233
-1.81558 -0.493116 -1.67348
-1.78903 -0.649599 -1.70935
-1.75948 -0.810501 -1.69493
-1.71927 -0.950057 -1.61879
-1.67261 -1.07633 -1.53213
-1.62073 -1.20023 -1.43926
-1.56379 -1.32064 -1.35122
-1.50294 -1.43976 -1.25561
-1.43193 -1.57725 -1.21678
-1.4136 -1.52478 -0.853971
-1.36418 -1.67354 -1.08329
-1.7314 1.71733 -1.51877
-1.73917 1.64467 -1.4937
-1.7644 1.54538 -1.52744
-1.77864 1.38146 -1.52577
-1.80023 1.2195 -1.53715
-1.82511 1.07075 -1.59609
-1.85265 0.924323 -1.65244
-1.86675 0.770305 -1.68941
-1.88693 0.614086 -1.69808
-1.9074 0.456583 -1.69172
-1.91475 0.298314 -1.67087
-1.90837 0.141313 -1.63401
-1.8908 -0.0145613 -1.59355
-1.86597 -0.171934 -1.56781
-1.83551 -0.328679 -1.55833
-1.80316 -0.48442 -1.55464
-1.76689 -0.6376 -1.54271
-1.73041 -0.782037 -1.50879
-1.68918 -0.923419 -1.46285
-1.64046 -1.0587 -1.39805
-1.58766 -1.1888 -1.32552
-1.53038 -1.31524 -1.24699
-1.47054 -1.44258 -1.16921
-1.40411 -1.55206 -1.07516
-1.26855 -1.49026 -0.892804
-1.37027 -1.76397 -1.09912
-1.69338 1.80864 -1.4411
-1.70605 1.73848 -1.42316
-1.72619 1.61012 -1.40358
-1.75558 1.44246 -1.40736
-1.77547 1.27451 -1.41354
-1.80282 1.11597 -1.44102
-1.81891 0.960865 -1.47747
-1.83714 0.805877 -1.50027
-1.85996 0.647076 -1.50302
-1.88119 0.488579 -1.49063
-1.89455 0.32747 -1.46857
-1.8908 0.16561 -1.4437
-1.87585 0.00366804 -1.41945
-1.85052 -0.156717 -1.3977
-1.81794 -0.315306 -1.37929
-1.78149 -0.470505 -1.35992
-1.74159 -0.622903 -1.33415
-1.6953 -0.772606 -1.3003
-1.6442 -0.915668 -1.25096
-1.591 -1.0548 -1.19719
-1.53305 -1.19221 -1.14065
-1.473 -1.32904 -1.08367
-1.40586 -1.46354 -1.02813
-1.33899 -1.6081 -0.984416
-1.30645 -1.73123 -0.989891
-1.27898 -1.78224 -0.98529
-1.62231 1.92523 -1.31218
-1.63427 1.85561 -1.28897
-1.66121 1.72179 -1.25448
-1.69384 1.53501 -1.23128
-1.72382 1.35724 -1.22396
-1.74477 1.18596 -1.23293
-1.76502 1.0212 -1.24726
-1.76705 0.857446 -1.25719
-1.78982 0.698602 -1.24625
-1.81447 0.53523 -1.22513
-1.82153 0.369053 -1.20245
-1.82382 0.201115 -1.17564
-1.81365 0.0328734 -1.15002
-1.79264 -0.134515 -1.12577
-1.76082 -0.299168 -1.10216
-1.7188 -0.461087 -1.07822
-1.66732 -0.617895 -1.05361
-1.61213 -0.771049 -1.0252
-1.55309 -0.922338 -0.997923
-1.4909 -1.07249 -0.967796
-1.42645 -1.22187 -0.93795
-1.36049 -1.37129 -0.907533
-1.30045 -1.52827 -0.880217
-1.24971 -1.70407 -0.872081
-1.21803 -1.83727 -0.88663
-1.19973 -1.90933 -0.908998
-1.53357 2.03158 -1.18509
-1.54549 1.9619 -1.15966
-1.57186 1.82648 -1.11261
-1.61732 1.63047 -1.06374
-1.64437 1.43882 -1.04087
-1.67069 1.25468 -1.03241
-1.66571 1.07592 -1.03998
-1.64112 0.908738 -1.05937
-1.65256 0.73869 -1.045
-1.67261 0.573522 -1.01218
-1.69111 0.403367 -0.97635
-1.70084 0.232435 -0.941141
-1.69657 0.0585764 -0.909755
-1.67557 -0.114474 -0.884513
-1.63848 -0.285444 -0.865235
-1.59119 -0.451464 -0.849291
-1.53743 -0.615605 -0.833989
-1.47764 -0.776107 -0.820882
-1.41669 -0.935705 -0.805108
-1.35518 -1.09519 -0.790641
-1.29714 -1.25712 -0.773355
-1.24581 -1.42644 -0.757183
-1.19954 -1.60839 -0.753394
-1.1579 -1.80358 -0.761801
-1.12985 -1.9475 -0.792703
-1.10779 -2.02302 -0.826541
-1.42301 2.12646 -1.0661
-1.43715 2.05856 -1.03491
-1.46041 1.92174 -0.982814
-1.51099 1.72174 -0.908725
-1.54512 1.52003 -0.866768
-1.55534 1.31574 -0.846159
-1.51383 1.13365 -0.879306
-1.49129 0.956747 -0.892208
-1.50747 0.780081 -0.860638
-1.50867 0.602452 -0.83867
-1.52858 0.432775 -0.790175
-1.53731 0.258239 -0.74648
-1.53485 0.0806653 -0.709543
-1.51178 -0.0985368 -0.686292
-1.47763 -0.274344 -0.670238
-1.43116 -0.448583 -0.660669
-1.37591 -0.616186 -0.656641
-1.32008 -0.784592 -0.650628
-1.26342 -0.952018 -0.645388
-1.2129 -1.12307 -0.63407
-1.17208 -1.30239 -0.622039
-1.13073 -1.48997 -0.621204
-1.09235 -1.68793 -0.6305
-1.06498 -1.90068 -0.649839
-1.03855 -2.06043 -0.701165
-1.00771 -2.13375 -0.748344
-1.29014 2.21325 -0.964741
-1.30346 2.14503 -0.928212
-1.3317 2.00704 -0.860097
-1.37575 1.80664 -0.775912
-1.41565 1.59306 -0.701687
-1.39544 1.3756 -0.699692
-1.34198 1.18948 -0.745731
-1.35445 1.00314 -0.713338
-1.3594 0.816687 -0.689591
-1.31989 0.630756 -0.699938
-1.34135 0.452185 -0.64515
-1.34004 0.274959 -0.604618
-1.34402 0.0955868 -0.555861
-1.33068 -0.0865009 -0.526184
-1.29984 -0.268827 -0.509218
-1.25707 -0.445107 -0.50369
-1.21074 -0.624217 -0.499673
-1.16051 -0.798437 -0.499162
-1.11656 -0.977098 -0.491889
-1.08291 -1.16142 -0.480129
-1.03962 -1.3525 -0.486344
-0.998866 -1.55113 -0.500643
-0.979839 -1.76721 -0.512919
-0.971322 -2.00083 -0.536382
-0.942747 -2.17097 -0.609205
-0.898923 -2.24058 -0.677696
-1.13504 2.28545 -0.885627
-1.14525 2.2141 -0.845742
-1.17235 2.07361 -0.763645
-1.21227 1.87832 -0.665207
-1.24657 1.65451 -0.566977
-1.20881 1.43291 -0.589397
-1.1772 1.23839 -0.616643
-1.19928 1.04897 -0.5512
-1.19772 0.849194 -0.512879
-1.15861 0.652209 -0.54501
-1.13721 0.468915 -0.537774
-1.13791 0.286941 -0.488693
-1.13553 0.106311 -0.442737
-1.12363 -0.0789569 -0.400715
-1.10781 -0.26424 -0.374156
-1.07587 -0.4532 -0.363933
-1.03555 -0.630841 -0.364398
-1.0028 -0.81815 -0.35448
-0.972902 -1.00466 -0.343361
-0.934845 -1.20074 -0.346437
-0.879398 -1.39512 -0.379665
-0.862569 -1.61274 -0.388976
-0.863291 -1.84544 -0.392375
-0.88053 -2.09964 -0.41775
-0.836085 -2.28655 -0.522393
-0.774183 -2.33863 -0.61963
-0.963719 2.33387 -0.824351
-0.972403 2.26016 -0.783674
-0.994051 2.12081 -0.695396
-1.02191 1.92586 -0.589962
-1.04586 1.70567 -0.474995
-1.01529 1.47849 -0.500824
-0.986184 1.28222 -0.516143
-0.982719 1.08815 -0.450643
-0.966204 0.874719 -0.425625
-0.939186 0.672253 -0.457142
-0.923854 0.481658 -0.469126
-0.925401 0.295298 -0.404688
-0.921556 0.110407 -0.356637
-0.923469 -0.0767266 -0.307175
-0.89821 -0.266797 -0.282604
-0.880427 -0.447441 -0.257119
-0.864153 -0.647638 -0.230878
-0.847557 -0.833345 -0.207927
-0.822171 -1.03735 -0.200828
-0.761149 -1.22937 -0.24645
-0.728485 -1.43995 -0.269763
-0.723917 -1.67661 -0.269413
-0.755776 -1.91812 -0.258389
-0.786912 -2.2106 -0.291304
-0.700489 -2.38727 -0.456986
-0.632432 -2.41641 -0.571101
-0.78444 2.35914 -0.773992
-0.791355 2.28965 -0.734
-0.808512 2.15251 -0.643552
-0.819259 1.95594 -0.542746
-0.835233 1.74373 -0.425047
-0.810078 1.5187 -0.424817
-0.77468 1.31957 -0.515089
-0.755728 1.10678 -0.451418
-0.726345 0.902347 -0.435792
-0.712905 0.688862 -0.480671
-0.695081 0.480286 -0.452557
-0.698833 0.297605 -0.351145
-0.709845 0.116964 -0.268068
-0.692509 -0.078008 -0.216163
-0.696288 -0.268517 -0.183901
-0.684061 -0.475887 -0.154335
-0.663904 -0.647039 -0.139793
-0.678647 -0.856581 -0.0776702
-0.627147 -1.05008 -0.114568
-0.602151 -1.25969 -0.127275
-0.575939 -1.48629 -0.143189
-0.604056 -1.73174 -0.128643
-0.64403 -1.98649 -0.113506
-0.673551 -2.32483 -0.171771
-0.534783 -2.45809 -0.402147
-0.481137 -2.46568 -0.519264
-0.600699 2.3694 -0.736318
-0.606632 2.30212 -0.692533
-0.61125 2.17367 -0.617664
-0.618505 1.96749 -0.512985
-0.616184 1.77667 -0.414723
-0.61067 1.54584 -0.358741
-0.551283 1.36158 -0.472813
-0.518062 1.13882 -0.523832
-0.49894 0.920376 -0.476423
-0.45658 0.695993 -0.50393
-0.459339 0.480385 -0.380858
-0.492473 0.308552 -0.267626
-0.489534 0.108019 -0.192887
-0.513852 -0.0795342 -0.134824
-0.485938 -0.280224 -0.0925445
-0.483052 -0.446334 -0.061518
-0.492932 -0.679847 -0.0139583
-0.465733 -0.85815 -0.0110888
-0.500549 -1.07889 0.0531879
-0.441428 -1.28736 -0.00305467
-0.501905 -1.52326 0.051929
-0.448247 -1.77771 -0.00736969
-0.536943 -2.05115 0.0552676
-0.496783 -2.43086 -0.0724935
-0.364844 -2.47947 -0.349906
-0.328878 -2.4934 -0.45199
-0.414781 2.36924 -0.710646
-0.415884 2.30374 -0.673445
-0.41611 2.17561 -0.606289
-0.415871 1.97953 -0.50167
-0.409788 1.78473 -0.412052
-0.401994 1.58141 -0.329684
-0.378547 1.3641 -0.329672
-0.294542 1.17538 -0.412635
-0.265194 0.939679 -0.4035
-0.274852 0.73605 -0.280246
-0.286427 0.535596 -0.221243
-0.28161 0.329079 -0.129286
-0.313129 0.139274 -0.0278659
-0.260417 -0.0782756 0.0258068
-0.393245 -0.262519 0.153667
-0.352515 -0.504838 0.129959
-0.254953 -0.652639 0.0361178
-0.333727 -0.87465 0.168052
-0.336754 -1.09692 0.189313
-0.293251 -1.3071 0.121334
-0.3372 -1.55962 0.206642
-0.274832 -1.80105 0.0645833
-0.361271 -2.10862 0.221247
-0.27581 -2.46352 -0.037212
-0.205074 -2.46938 -0.274678
-0.173917 -2.50487 -0.386172
-0.227698 2.36319 -0.697288
-0.225799 2.30076 -0.665574
-0.223901 2.17178 -0.59883
-0.216731 1.98099 -0.505215
-0.210198 1.78915 -0.406063
-0.197616 1.59528 -0.328349
-0.187913 1.39145 -0.269439
-0.174493 1.18274 -0.238262
-0.141074 0.980766 -0.20339
-0.126363 0.779471 -0.173809
-0.133514 0.555705 -0.0578853
-0.133363 0.391632 0.0148419
-0.176744 0.120969 0.163025
-0.18843 0.00282334 0.207411
-0.338068 -0.329426 0.453658
-0.0377829 -0.374408 0.125889
-0.110427 -0.710142 0.189289
-0.128266 -0.862741 0.290106
-0.137614 -1.12356 0.293842
-0.0900351 -1.32 0.15717
-0.108857 -1.57646 0.225452
-0.0908988 -1.80681 0.100468
-0.112293 -2.13071 0.280635
-0.0770334 -2.44666 -0.000234851
-0.0397655 -2.45771 -0.209051
-0.023409 -2.49997 -0.310978
-0.0404007 2.35525 -0.691806
-0.0379117 2.29257 -0.659919
-0.0318609 2.16746 -0.600198
-0.023075 1.97599 -0.508826
-0.0123034 1.7856 -0.420819
-0.0026124 1.59319 -0.332502
0.00887066 1.39962 -0.25775
0.026412 1.20463 -0.190472
0.0231658 1.00829 -0.114406
0.0319965 0.818925 -0.0045866
0.0375517 0.633072 0.0926208
0.0398363 0.440924 0.235995
0.0448456 0.252157 0.37057
0.0456205 0.00856811 0.573309
0.0725652 -0.291515 0.606701
0.085584 -0.631739 0.498003
0.0844292 -0.668702 0.263735
0.0943113 -0.894914 0.289537
0.104908 -1.12626 0.34432
0.0908517 -1.33283 0.174005
0.103965 -1.5704 0.228433
0.102242 -1.81046 0.0973294
0.131131 -2.1075 0.269767
0.125792 -2.43025 0.038745
0.122903 -2.44675 -0.154252
0.127297 -2.48848 -0.237257
0.147057 2.34798 -0.693482
0.150638 2.28783 -0.66394
0.158739 2.16055 -0.603302
0.170209 1.97182 -0.516699
0.181904 1.77891 -0.429276
0.192941 1.5905 -0.344772
0.205056 1.39385 -0.259346
0.203526 1.20733 -0.196811
0.230733 0.998936 -0.119907
0.230946 0.81786 -0.0575179
0.255615 0.588481 0.0443693
0.263828 0.427889 0.100244
0.331489 0.143302 0.248593
0.351838 0.0102631 0.255551
0.495102 -0.349328 0.461306
0.2046 -0.371775 0.115779
0.25787 -0.704065 0.147678
0.311618 -0.866691 0.246145
0.332995 -1.11822 0.250783
0.280515 -1.31195 0.114239
0.328335 -1.56492 0.217003
0.288053 -1.79435 0.0728121
0.359562 -2.06193 0.192035
0.339887 -2.38619 0.0493072
0.295677 -2.4476 -0.126547
0.288558 -2.47358 -0.184009
0.334394 2.34453 -0.702321
0.339745 2.28178 -0.67133
0.349296 2.15839 -0.611147
0.364172 1.96695 -0.520896
0.37808 1.77967 -0.427289
0.39071 1.58602 -0.341673
0.397709 1.391 -0.282052
0.409414 1.17538 -0.246663
0.375385 0.978378 -0.238347
0.371369 0.760487 -0.216559
0.387822 0.556729 -0.152085
0.38612 0.339723 -0.0863528
0.433582 0.141239 -0.00545988
0.389369 -0.0799702 0.0314413
0.541196 -0.262986 0.136462
0.518235 -0.527592 0.117696
0.423149 -0.650125 0.0121741
0.472852 -0.88607 0.0691311
0.524988 -1.09451 0.137472
0.452847 -1.30401 0.0426136
0.533156 -1.52988 0.113365
0.459359 -1.77294 0.00240672
0.528076 -2.00892 0.0445381
0.531127 -2.30088 -0.0212694
0.478827 -2.41542 -0.144038
0.457278 -2.44306 -0.196181
0.521266 2.3414 -0.71821
0.526561 2.28071 -0.687414
0.541963 2.15043 -0.623853
0.559311 1.96379 -0.529021
0.580024 1.76875 -0.435635
0.589356 1.57709 -0.358419
0.6007 1.35423 -0.325867
0.525088 1.17174 -0.420432
0.496764 0.940978 -0.459459
0.514018 0.723488 -0.376352
0.527652 0.510659 -0.331888
0.576096 0.311852 -0.250454
0.593652 0.112565 -0.18577
0.634637 -0.0839148 -0.141023
0.620486 -0.29026 -0.113015
0.61874 -0.445524 -0.113392
0.642431 -0.688348 -0.0720743
0.633832 -0.865105 -0.0638773
0.644264 -1.07383 -0.0522178
0.605998 -1.27646 -0.0924919
0.606653 -1.49683 -0.108084
0.607355 -1.72331 -0.113979
0.645027 -1.96071 -0.115436
0.661693 -2.2117 -0.150373
0.627819 -2.35418 -0.231569
0.601275 -2.39231 -0.274974
0.707285 2.33609 -0.742126
0.718527 2.26783 -0.705362
0.731662 2.14962 -0.644879
0.763441 1.94497 -0.541823
0.779198 1.7623 -0.459394
0.806623 1.5385 -0.376719
0.765843 1.34846 -0.464949
0.736781 1.13929 -0.567538
0.748172 0.912626 -0.497963
0.723383 0.699102 -0.554921
0.733543 0.470287 -0.490209
0.772973 0.295224 -0.373533
0.803544 0.10573 -0.305502
0.807658 -0.0863549 -0.252449
0.825452 -0.276071 -0.230889
0.832435 -0.491956 -0.199976
0.813744 -0.656302 -0.208124
0.838853 -0.863456 -0.156697
0.8071 -1.05919 -0.176807
0.766387 -1.25171 -0.216005
0.731195 -1.45786 -0.246642
0.726008 -1.68026 -0.267966
0.753264 -1.90344 -0.259608
0.773192 -2.14339 -0.285183
0.742872 -2.29428 -0.349956
0.715198 -2.3499 -0.391856
0.891212 2.32426 -0.777864
0.904363 2.25972 -0.739431
0.930334 2.12831 -0.66897
0.961893 1.9301 -0.574759
0.998214 1.73378 -0.478802
1.00838 1.50808 -0.436968
0.980543 1.31169 -0.556041
0.984815 1.09778 -0.510401
0.975402 0.893421 -0.471506
0.981666 0.681794 -0.486293
0.981694 0.481219 -0.513663
0.999405 0.286615 -0.452298
1.02123 0.103818 -0.393197
1.04155 -0.0875753 -0.352566
1.03272 -0.281588 -0.334286
1.02276 -0.459172 -0.325443
1.0161 -0.663692 -0.308332
0.996717 -0.8458 -0.308096
0.982768 -1.04156 -0.302095
0.933549 -1.2321 -0.334994
0.885051 -1.42116 -0.376668
0.863872 -1.62957 -0.391118
0.861767 -1.84731 -0.402589
0.869417 -2.07263 -0.421313
0.847084 -2.22959 -0.472885
0.817813 -2.30147 -0.515847
1.07139 2.30165 -0.825782
1.08671 2.23195 -0.791376
1.1197 2.09755 -0.714214
1.16349 1.90217 -0.625621
1.21109 1.69671 -0.524867
1.21774 1.46999 -0.522107
1.1952 1.26866 -0.577639
1.21311 1.0742 -0.526586
1.22561 0.866394 -0.496105
1.22131 0.655944 -0.520112
1.20735 0.465381 -0.560564
1.22246 0.281286 -0.524679
1.23609 0.0942195 -0.498651
1.24285 -0.0930577 -0.462194
1.24521 -0.280528 -0.442717
1.2274 -0.47444 -0.437589
1.19144 -0.649864 -0.453918
1.15782 -0.835291 -0.46
1.12171 -1.01601 -0.465807
1.0948 -1.20376 -0.463306
1.04538 -1.39034 -0.485833
1.00448 -1.58291 -0.512234
0.981717 -1.78762 -0.528378
0.965674 -2.00397 -0.55344
0.942216 -2.15517 -0.594974
0.914579 -2.23917 -0.638693
1.24521 2.26314 -0.886228
1.2613 2.18961 -0.850483
1.29839 2.05173 -0.782121
1.35608 1.85837 -0.696272
1.41677 1.65059 -0.615008
1.41871 1.42462 -0.616295
1.39106 1.22855 -0.679916
1.40995 1.03183 -0.659808
1.44984 0.834211 -0.618838
1.4256 0.634057 -0.652784
1.40532 0.454014 -0.681602
1.43022 0.265411 -0.649386
1.44362 0.0851198 -0.620951
1.45866 -0.10226 -0.593134
1.44296 -0.289687 -0.589222
1.41232 -0.468783 -0.595948
1.37044 -0.65006 -0.60482
1.32112 -0.821831 -0.616396
1.27134 -0.994976 -0.624626
1.22425 -1.16969 -0.628789
1.18592 -1.35062 -0.629152
1.14058 -1.53501 -0.639004
1.10054 -1.72655 -0.653762
1.06444 -1.92947 -0.67826
1.03396 -2.0746 -0.713763
1.00915 -2.16074 -0.753678
1.40852 2.20191 -0.95706
1.42495 2.12734 -0.924352
1.46755 1.99135 -0.862243
1.52933 1.79247 -0.800354
1.59067 1.59248 -0.752458
1.60922 1.37242 -0.743488
1.57369 1.17997 -0.801491
1.55235 0.992792 -0.83647
1.59518 0.801704 -0.814798
1.56421 0.61719 -0.854072
1.59263 0.430835 -0.831062
1.62708 0.254436 -0.797894
1.647 0.0698126 -0.777236
1.64671 -0.115476 -0.767856
1.62596 -0.297903 -0.771011
1.59024 -0.477087 -0.776994
1.54113 -0.64654 -0.787949
1.48681 -0.815695 -0.795746
1.42742 -0.98102 -0.798681
1.36798 -1.14485 -0.796269
1.30991 -1.31041 -0.790762
1.25965 -1.48264 -0.785283
1.2093 -1.66161 -0.787741
1.16185 -1.85075 -0.800278
1.12474 -1.98791 -0.828372
1.10218 -2.06691 -0.858005
1.55371 2.11573 -1.04063
1.57331 2.04392 -1.01015
1.61124 1.90668 -0.971511
1.67003 1.71281 -0.937932
1.72242 1.52016 -0.921253
1.75786 1.32209 -0.920259
1.74865 1.12732 -0.948373
1.71302 0.951107 -1.00167
1.71108 0.7696 -1.02211
1.74638 0.587595 -1.01058
1.76822 0.412177 -1.00893
1.79955 0.231841 -0.997294
1.81254 0.0502378 -0.992493
1.81066 -0.131538 -0.992838
1.78711 -0.31011 -0.997947
1.75018 -0.482124 -1.00248
1.70158 -0.651335 -1.00211
1.6444 -0.812344 -0.996377
1.58314 -0.970049 -0.989898
1.5168 -1.12698 -0.981656
1.44746 -1.28094 -0.967049
1.37638 -1.43399 -0.947154
1.31147 -1.59305 -0.927461
1.25553 -1.76798 -0.923301
1.2151 -1.89326 -0.935453
1.19182 -1.96836 -0.960504
1.67621 2.01176 -1.13864
1.69326 1.94011 -1.12015
1.72729 1.80699 -1.10076
1.78384 1.63131 -1.10147
1.82906 1.44595 -1.10177
1.85607 1.26737 -1.13198
1.87604 1.08405 -1.14467
1.85709 0.906536 -1.17827
1.84926 0.733869 -1.21597
1.87347 0.560836 -1.23244
1.90605 0.384332 -1.23583
1.92432 0.206901 -1.24437
1.93226 0.0286486 -1.25639
1.92068 -0.14818 -1.27165
1.8953 -0.320306 -1.2866
1.85621 -0.488366 -1.29887
1.80811 -0.648469 -1.30481
1.75446 -0.80776 -1.30132
1.69471 -0.962782 -1.27463
1.63282 -1.10922 -1.2319
1.56679 -1.25401 -1.18648
1.49663 -1.39628 -1.13807
1.42001 -1.53486 -1.08681
1.34213 -1.67738 -1.04411
1.30481 -1.79995 -1.05065
1.27809 -1.8579 -1.04993
1.74195 1.92879 -1.20641
1.75317 1.85265 -1.18283
1.80184 1.75234 -1.2187
1.83801 1.57466 -1.21988
1.8743 1.3996 -1.23825
1.90859 1.23093 -1.28111
1.9193 1.05663 -1.29731
1.91617 0.879903 -1.31508
1.91515 0.710752 -1.36172
1.94237 0.538799 -1.38809
1.96363 0.366097 -1.41191
1.97316 0.189759 -1.43296
1.96771 0.0144307 -1.45742
1.94824 -0.157386 -1.48742
1.91621 -0.324992 -1.51998
1.87642 -0.488192 -1.54553
1.83143 -0.651091 -1.55678
1.7822 -0.805737 -1.54184
1.73403 -0.954418 -1.51554
1.6794 -1.10362 -1.47046
1.61985 -1.24372 -1.40232
1.55567 -1.37937 -1.32486
1.48538 -1.51093 -1.24338
1.41261 -1.63756 -1.15225
1.3388 -1.68206 -1.03952
1.33885 -1.80505 -1.15055
1.76918 1.87924 -1.23384
1.79566 1.83359 -1.26282
1.83161 1.72317 -1.28815
1.85761 1.54583 -1.27278
1.89364 1.37912 -1.31019
1.92967 1.21933 -1.39523
1.93729 1.04091 -1.37039
1.93218 0.865349 -1.37166
1.94723 0.700864 -1.44727
1.96103 0.531228 -1.48651
1.97619 0.355975 -1.50755
1.98045 0.181028 -1.52391
1.97512 0.00714081 -1.55384
1.9565 -0.163172 -1.59605
1.92483 -0.328206 -1.64809
1.88728 -0.489689 -1.70924
1.84844 -0.649482 -1.76788
1.80974 -0.820497 -1.80424
1.7647 -0.987243 -1.7554
1.7118 -1.12579 -1.66119
1.65369 -1.25872 -1.56179
1.58981 -1.38674 -1.45932
1.52053 -1.51165 -1.35515
1.44103 -1.63759 -1.2702
1.40158 -1.69923 -1.13136
1.36164 -1.75166 -1.15322
