-1.74903 1.67118 -1.56502
-1.78417 1.44749 -1.56173
-1.81941 1.0976 -1.63446
-1.91956 0.480843 -1.98646
-1.90093 -0.0943321 -1.55283
-1.77118 -0.715736 -1.80557
-1.64809 -1.24295 -1.4052
-1.45303 -1.51664 -1.18759
-1.36389 -1.67443 -1.08484
-1.69623 1.80758 -1.44652
-1.75628 1.54897 -1.37659
-1.76523 1.1202 -1.4813
-1.98588 0.570758 -1.36538
-1.86368 -0.0819058 -1.41969
-1.77861 -0.685732 -1.21369
-1.4943 -1.20451 -1.19906
-1.33732 -1.51745 -0.950308
-1.30667 -1.7908 -0.986078
-1.5693 2.02619 -1.20251
-1.63287 1.75417 -1.0522
-1.76695 1.27333 -1.03011
-1.59162 0.608894 -1.25375
-1.90302 -0.039654 -0.875005
-1.51667 -0.654116 -0.985436
-1.40965 -1.2702 -0.613297
-1.18752 -1.73965 -0.7738
-1.10556 -2.00183 -0.837906
-1.17904 2.28797 -0.879813
-1.3184 2.05901 -0.698883
-1.28036 1.42204 -0.51568
-1.28146 0.745609 -0.411429
-1.147 0.0396237 -0.279603
-1.11252 -0.72287 -0.206355
-0.790362 -1.37073 -0.54772
-0.899833 -1.97554 -0.386746
-0.880269 -2.34636 -0.580326
-0.667278 2.39651 -0.79291
-0.700413 2.09009 -0.394377
-0.705222 1.66712 -0.412514
-0.493205 0.684106 -0.654023
-0.583193 -0.0112993 -0.515269
-0.614202 -0.697484 -0.110687
-0.493716 -1.493 0.00842481
-0.736757 -2.34348 0.0719857
-0.368112 -2.58026 -0.50228
-0.150009 2.34497 -0.646849
-0.0611016 2.15702 -0.699935
-0.210601 1.57704 -0.157655
0.139685 0.95408 -0.163744
-0.164336 0.119766 0.933729
0.0248957 -0.844446 0.421768
-0.0510916 -1.50028 0.28247
0.055278 -2.47331 0.32809
0.0260162 -2.5128 -0.256592
0.434337 2.34806 -0.682181
0.304458 2.08018 -0.672725
0.670105 1.66411 -0.149495
0.123394 0.810867 -0.54866
0.750005 0.0092058 0.0525213
0.528633 -0.732063 -0.0351529
0.610687 -1.53336 0.0915325
0.632353 -2.19779 -0.037254
0.562782 -2.47687 -0.0989411
0.915113 2.33801 -0.814694
1.07956 2.08045 -0.485467
0.969492 1.57975 -0.486414
1.13162 0.706399 -0.55844
0.896761 -0.00212529 -0.492242
1.1064 -0.718694 -0.247212
0.798879 -1.43043 -0.478867
0.881548 -1.98043 -0.444169
0.868389 -2.28518 -0.571605
1.44857 2.21403 -0.951757
1.52863 1.97782 -0.816574
1.76409 1.37242 -0.653646
1.55218 0.692248 -0.75444
1.88636 -0.00976473 -0.624457
1.57477 -0.720368 -0.813674
1.38762 -1.3246 -0.754183
1.22658 -1.78426 -0.758228
1.10082 -2.08053 -0.860922
1.68245 2.00596 -1.1371
1.76985 1.74259 -1.06966
1.89652 1.28719 -1.11761
1.82812 0.612825 -1.34348
1.97135 -0.0730931 -1.29151
1.81181 -0.718235 -1.2583
1.55281 -1.26203 -1.15981
1.32542 -1.61191 -1.05502
1.2988 -1.84061 -1.06274
1.7719 1.88208 -1.23769
1.84448 1.6761 -1.29064
1.93496 1.23885 -1.32614
1.96258 0.590906 -1.45118
2.01625 -0.0793464 -1.517
1.82482 -0.713804 -1.86891
1.68094 -1.31618 -1.58775
1.46565 -1.58393 -1.23192
1.36198 -1.75505 -1.1585
