-0.278816 -0.731472 -0.994791
-0.192052 -0.747701 -0.990238
0.0198165 -0.815292 -0.989474
0.325359 -0.748513 -0.972126
0.562426 -0.538972 -1.02142
0.748972 -0.288209 -0.951262
0.77221 0.0247635 -1.00455
0.72118 0.329794 -0.986411
0.578242 0.609342 -0.967829
0.371045 0.697413 -0.99841
0.279965 0.732721 -0.991961
-0.294738 -0.746731 -0.918456
-0.185865 -0.85983 -0.867705
0.0234333 -0.765438 -0.938575
0.296255 -0.726957 -0.904833
0.659329 -0.605008 -0.833713
0.598022 -0.228706 -0.964366
0.834203 0.000370986 -0.853672
0.757215 0.358965 -0.883354
0.456586 0.502679 -0.959838
0.439867 0.766046 -0.867729
0.29105 0.759723 -0.911365
-0.278112 -0.715062 -0.727709
-0.170532 -0.849044 -0.68483
-0.117005 -0.423184 -0.842494
0.3042 -0.505797 -0.760094
0.557615 -0.595388 -0.64331
0.298327 -0.151614 -0.834117
0.737705 0.0990501 -0.678876
0.637716 0.181991 -0.721418
0.219371 0.361926 -0.884398
0.308974 0.648575 -0.735669
0.282564 0.729532 -0.724545
-0.256819 -0.670215 -0.453484
-0.179768 -0.742452 -0.440616
-0.0417821 -0.409033 -0.434736
0.218696 -0.501335 -0.385859
0.591254 -0.561502 -0.334978
0.242592 -0.107835 -0.381725
0.705726 0.0250609 -0.353869
0.614739 0.249616 -0.387159
0.150918 0.252223 -0.461959
0.299961 0.607563 -0.458943
0.237644 0.649003 -0.467592
-0.233316 -0.607335 -0.182616
-0.142929 -0.68766 -0.140393
-0.024052 -0.37612 -0.162026
0.198215 -0.490502 -0.0878793
0.479285 -0.447164 -0.00381877
0.321989 -0.13042 -0.0971078
0.609151 -0.00534435 -0.0203536
0.537258 0.248347 -0.0746496
0.200384 0.257372 -0.176799
0.27462 0.542244 -0.179023
0.241779 0.611573 -0.193952
-0.196306 -0.490933 0.0671481
-0.10904 -0.557394 0.109502
0.00505405 -0.42927 0.12882
0.178203 -0.462386 0.183025
0.353881 -0.345609 0.193694
0.41322 -0.158932 0.2013
0.472315 -0.0141213 0.188772
0.466873 0.229766 0.179794
0.264263 0.290347 0.11905
0.303756 0.49597 0.0963468
0.192071 0.511038 0.0571064
-0.148798 -0.397338 0.319728
-0.104234 -0.37155 0.33452
0.00524505 -0.419728 0.366315
0.156705 -0.357119 0.387993
0.264312 -0.269057 0.404387
0.360123 -0.152322 0.400822
0.385084 0.0165682 0.403396
0.344272 0.140584 0.382133
0.307778 0.317159 0.359466
0.175496 0.345704 0.320212
0.152732 0.395182 0.301135
-0.121365 -0.311886 0.588974
-0.0825208 -0.350978 0.590843
0.00274912 -0.34512 0.589568
0.131614 -0.343878 0.591348
0.248236 -0.251058 0.591548
0.303843 -0.124893 0.595162
0.336565 0.00192811 0.587732
0.330431 0.154057 0.585478
0.228702 0.250233 0.575932
0.169572 0.302563 0.570041
0.121084 0.316827 0.56161
-0.15936 -0.418582 0.871342
-0.111628 -0.41073 0.849713
-0.00368062 -0.417811 0.8277
0.147246 -0.373555 0.810243
0.271279 -0.286404 0.802041
0.3546 -0.153218 0.80381
0.382722 0.0126287 0.807478
0.341984 0.15346 0.808069
0.283525 0.299949 0.814254
0.180075 0.344043 0.833101
0.142862 0.371842 0.853546
-0.235558 -0.613874 0.910445
-0.153032 -0.622061 0.906834
-0.00221859 -0.599274 0.933028
0.199296 -0.526734 0.922186
0.368446 -0.382495 0.932117
0.472258 -0.202939 0.929375
0.510724 0.00853539 0.933872
0.483034 0.22139 0.929668
0.368742 0.401164 0.922866
0.267198 0.490001 0.947445
0.208942 0.543878 0.938275
-0.255967 -0.659779 0.990617
-0.174418 -0.711122 0.998714
-0.0137262 -0.673943 0.97091
0.243625 -0.630188 0.998083
0.434373 -0.461147 0.98166
0.568329 -0.238763 0.988319
0.623151 0.00565958 0.986838
0.578895 0.261462 0.984932
0.451719 0.48314 0.984746
0.303952 0.579021 0.984499
0.235001 0.613277 0.983696
