0.00221565
0.0017733
0.00145538
0.00119574
0.00108105
0.000971406
0.000997154
0.0304528
0.00105922
0.00096837
0.000982098
0.000922381
0.000953208
0.000907322
0.000846929
0.000844516
0.000842775
0.000791097
0.000837144
0.00080257
0.000788868
0.000797673
0.000796367
0.000798341
0.000785251
0.000785113
0.000797687
0.000822405
0.000811483
0.000786161
0.000771817
0.000785542
1.23822
0.000753396
0.000760378
0.000768257
0.000786148
0.00075718
0.000788252
0.000724193
0.000746531
0.000726245
0.00073315
0.000718523
0.000757549
0.000734579
0.000751833
0.000725547
0.000758184
0.000732854
0.000777439
0.000733315
0.000756794
0.000729389
0.000761671
0.000728923
0.216186
0.00072501
0.000725924
0.000713541
0.000724383
0.000713478
0.216189
0.000719395
0.000717732
0.000712979
0.216187
0.000717704
0.000717209
0.000710744
0.000725855
0.000738476
0.000730842
0.000737681
0.000720483
0.000729581
0.000722446
0.000722272
0.000721989
0.00072365
0.00072299
0.000720217
0.000718668
0.000720878
0.000721726
0.000720982
0.000721446
0.000721223
0.000721487
0.000721819
0.000721961
0.000721999
0.000722002
0.000722016
0.000722018
0.000722019
0.000722019
0.000722019
0.000722019
0.000722019
0.000722019
