-59.7089 -30.5325 -1341.57
-60.9428 -32.2696 -1341.89
-62.7365 -35.2047 -1342.19
-65.194 -38.9972 -1342.29
-67.0555 -41.7552 -1342.16
-68.5916 -44.538 -1341.44
-70.217 -46.9639 -1340.36
-71.8228 -49.3786 -1338.89
-73.5734 -51.7984 -1337.25
-75.4945 -54.2566 -1335.47
-77.0031 -56.7484 -1333.13
-77.9885 -58.9582 -1330.89
-79.0441 -61.099 -1328.7
-80.4087 -63.2363 -1326.75
-82.3314 -65.5731 -1324.6
-83.5989 -67.9139 -1321.95
-84.5003 -69.8909 -1319.15
-85.0243 -71.1697 -1316.16
-85.4791 -72.4385 -1313.55
-86.1285 -73.5022 -1310.45
-86.5262 -74.7185 -1306.19
-86.9182 -75.1083 -1302.73
-86.832 -75.4067 -1300.56
-57.5089 -27.185 -1341.12
-60.8395 -28.2291 -1340.18
-63.5053 -30.6493 -1340.35
-66.9607 -34.1097 -1340.65
-69.0511 -36.9479 -1340.77
-72.1267 -38.7328 -1341.95
-73.8853 -41.8646 -1342.15
-75.8768 -45.682 -1341.9
-77.6928 -50.0314 -1340.62
-79.1329 -54.1521 -1338.73
-81.2904 -57.036 -1336.65
-83.3914 -58.7643 -1333.86
-85.106 -59.8712 -1331.09
-85.9719 -61.595 -1327.34
-85.4487 -63.8976 -1323.9
-86.6975 -66.4239 -1321.72
-88.1728 -68.2554 -1318.42
-89.7825 -70.0163 -1315.1
-90.8439 -71.3659 -1311.22
-90.5318 -72.2079 -1307.47
-90.4798 -72.9037 -1302.27
-88.9229 -73.7046 -1298.64
-86.8371 -75.7521 -1296.41
-53.5952 -21.3622 -1338.22
-56.4352 -22.1438 -1337.78
-61.2669 -23.8523 -1336.58
-65.9866 -26.5248 -1335.96
-70.2047 -28.0454 -1336.16
-72.1127 -31.2178 -1334.97
-76.8971 -31.8914 -1336.25
-81.5344 -32.275 -1338.03
-87.2955 -33.4181 -1340.26
-93.4599 -37.1472 -1340.76
-97.4518 -42.599 -1338.34
-99.3781 -47.9765 -1335.28
-100.484 -52.8086 -1330.92
-102.403 -56.5814 -1327.92
-106.601 -60.619 -1324.12
-107.45 -63.8283 -1316.99
-105.752 -66.312 -1310.51
-102.27 -67.421 -1305.29
-98.2038 -67.4925 -1301.42
-95.4482 -67.9755 -1297.99
-90.2372 -70.0899 -1293.76
-87.9449 -73.4226 -1290.42
-86.169 -75.3481 -1288.14
-47.9691 -13.0242 -1333.44
-51.6422 -13.7435 -1332.51
-56.4733 -14.9087 -1331.43
-62.7947 -17.1566 -1329.8
-66.2284 -19.5446 -1328.1
-71.9957 -19.5887 -1328.54
-74.4143 -22.4565 -1326.46
-77.8736 -25.3952 -1324.53
-82.0113 -27.2801 -1322.81
-86.5445 -28.186 -1320.7
-93.2615 -29.1315 -1318.96
-97.9077 -31.3549 -1315.97
-102.244 -33.9914 -1313.68
-104.443 -38.0389 -1308.85
-104.828 -42.9927 -1303.19
-102.509 -48.5865 -1299.14
-99.0046 -52.5197 -1295.72
-97.2337 -55.9281 -1292.78
-94.6149 -59.0865 -1290.35
-91.1135 -62.2052 -1287.44
-90.0395 -67.0925 -1282.43
-86.8652 -70.689 -1278.72
-84.1989 -73.1058 -1276.8
-43.3836 -6.28068 -1328.71
-46.8119 -6.59143 -1327.83
-52.4487 -7.82616 -1326.01
-59.2432 -8.82849 -1324.92
-65.1586 -9.49151 -1324.28
-65.7922 -14.5419 -1319.78
-71.9022 -14.9052 -1319.59
-76.8379 -15.1444 -1319.06
-81.7469 -17.0832 -1317.46
-85.7458 -21.1266 -1315.36
-85.8336 -25.7921 -1310.66
-87.3191 -29.7247 -1307.18
-88.6107 -33.5183 -1301.64
-91.2015 -37.0257 -1299.49
-93.4433 -40.4681 -1297.23
-95.5332 -43.4793 -1292.77
-96.4414 -47.4475 -1288.35
-91.5824 -50.3511 -1285.66
-89.5012 -53.7187 -1281.98
-91.6159 -57.8134 -1277.33
-87.971 -63.1408 -1272.22
-84.0415 -67.1047 -1269.39
-81.674 -69.9196 -1267.3
-39.5409 -0.601389 -1324.75
-42.881 -1.47557 -1323.19
-49.036 -1.60215 -1322
-55.5939 -3.74994 -1318.9
-62.2136 -3.10834 -1319.01
-66.1948 -4.73384 -1316.9
-67.1982 -9.57791 -1311.28
-73.5935 -10.6744 -1310.56
-79.0481 -11.7395 -1309.89
-85.6204 -11.8194 -1307.74
-93.3531 -14.9517 -1305.82
-95.7203 -18.148 -1300.77
-99.0391 -22.0604 -1298.87
-102.071 -27.2002 -1293.91
-99.9369 -32.2264 -1287.17
-95.689 -37.1157 -1284.13
-88.4298 -40.2553 -1281.33
-89.8901 -45.5596 -1276.96
-93.7129 -49.6417 -1272.68
-88.3482 -53.5174 -1269.81
-83.8842 -58.8588 -1265.99
-81.1482 -63.6884 -1262.03
-79.3345 -66.8329 -1259.86
-34.8512 6.34307 -1321.41
-38.7102 5.71876 -1319.28
-44.2273 4.45803 -1316.46
-52.5967 4.18347 -1314.54
-57.3267 2.6661 -1311.83
-63.7265 2.82575 -1311.48
-69.6719 2.48259 -1309.93
-74.1007 0.544229 -1307.48
-78.4346 -2.81789 -1302.67
-84.0288 -5.72924 -1302.36
-87.3099 -7.65166 -1296.61
-95.7283 -13.1658 -1296.85
-96.3151 -17.2603 -1288.63
-96.5264 -20.7263 -1283.03
-94.0628 -25.9777 -1280.94
-94.1047 -29.5811 -1275.99
-94.1261 -35.1018 -1271.27
-92.2766 -39.5968 -1267.9
-85.9423 -43.4127 -1265.75
-83.6301 -47.8647 -1262.62
-80.3804 -54.4635 -1257.52
-77.8653 -59.5902 -1253.96
-76.4416 -62.9746 -1251.49
-29.9109 13.7229 -1317.45
-34.3351 13.9114 -1316.18
-40.5928 13.2446 -1312.7
-47.8316 11.437 -1308.42
-54.5317 11.3379 -1306.8
-58.5455 9.29988 -1302.66
-63.66 7.82092 -1301.02
-67.5468 5.30811 -1296.8
-76.2283 5.78076 -1297.33
-78.1221 0.763637 -1287.14
-88.5602 -2.46597 -1287.89
-79.9511 -2.72858 -1276.02
-88.7197 -4.94616 -1279.94
-88.2669 -11.5933 -1278.78
-92.0693 -16.4012 -1270.6
-89.2844 -24.434 -1267.11
-86.9023 -28.7977 -1263.35
-87.0685 -33.6507 -1259.27
-87.1692 -38.8139 -1255.08
-83.1857 -43.1869 -1252.22
-76.7238 -49.3752 -1248.79
-75.1931 -55.0932 -1244.68
-73.188 -58.6563 -1242.64
-24.6321 21.4069 -1312.29
-29.4532 22.7402 -1312.02
-36.7326 23.2174 -1309.75
-45.4249 22.4226 -1305.2
-49.6995 19.7154 -1299.88
-54.9006 18.0045 -1297.69
-60.2487 16.4641 -1292.57
-64.7838 13.1162 -1290.62
-64.7549 5.67336 -1281
-75.9283 8.61503 -1287.56
-79.0356 10.6885 -1277.85
-95.359 -0.549523 -1286.21
-91.2654 -3.1397 -1272.33
-87.752 -5.86078 -1264.16
-81.708 -12.9 -1264.58
-82.615 -15.0424 -1258.88
-86.8147 -21.0419 -1253.1
-85.2742 -26.2353 -1248.51
-82.4415 -31.5111 -1245.4
-78.7115 -36.8597 -1242.42
-76.0627 -44.5836 -1237.56
-72.4183 -50.6393 -1234.63
-69.7387 -53.976 -1232.85
-19.043 29.8596 -1307.78
-23.7532 31.235 -1306.67
-32.2183 34.6295 -1305.7
-40.9443 32.7258 -1298.74
-46.1368 30.4902 -1294.03
-50.3035 27.9926 -1287.55
-52.3444 23.7624 -1283.88
-58.3948 22.5558 -1278.83
-63.1131 17.7953 -1275.18
-73.6187 20.5992 -1269.81
-80.1551 22.2374 -1273.32
-101.648 34.1364 -1263.97
-100.033 13.6017 -1254.13
-85.7177 5.99802 -1257.11
-80.3521 -0.505734 -1253.09
-77.0975 -7.82904 -1248.63
-77.0281 -14.65 -1243.15
-77.1236 -19.6117 -1239.73
-79.4142 -25.5162 -1234.94
-80.306 -31.4801 -1230.65
-74.858 -40.2333 -1226.35
-69.8422 -45.4644 -1223.64
-66.328 -49.5681 -1222.38
-13.3949 38.0552 -1301.9
-18.3591 40.0101 -1300.21
-25.856 41.6493 -1296.34
-33.4807 40.3841 -1289.77
-39.1415 38.7854 -1283.77
-42.6928 33.9292 -1281.03
-46.936 29.9549 -1274.37
-50.4801 25.605 -1269.99
-54.65 25.9301 -1264.19
-60.6642 23.4421 -1258
-67.7769 26.2837 -1249.49
-65.841 27.3494 -1242.93
-70.0608 24.4362 -1241.92
-69.5033 16.3375 -1245.3
-67.2741 6.70766 -1243.35
-72.5189 0.773261 -1238.09
-72.9196 -4.73115 -1233.6
-76.7857 -10.6856 -1226.65
-77.8482 -15.4852 -1222.17
-76.5177 -23.6541 -1217.38
-73.4713 -33.9548 -1212.81
-63.7038 -38.9416 -1214.78
-61.9501 -43.1319 -1212.81
-10.1535 42.3631 -1292.5
-14.2182 43.4974 -1290.67
-20.5938 46.3543 -1288.33
-27.3427 44.4639 -1281.92
-28.6064 39.5782 -1277.48
-29.955 35.5529 -1268.95
-33.8159 33.0174 -1265.95
-36.9076 28.7596 -1258.23
-47.2916 26.4417 -1253.26
-52.5439 28.4838 -1248.24
-59.0544 31.0561 -1246.25
-66.9296 32.7947 -1242.75
-67.8921 24.7633 -1235.87
-61.6175 19.0434 -1236.36
-61.1744 13.1329 -1234.82
-54.7153 3.53421 -1230.55
-58.2616 -3.7224 -1224.5
-58.6282 -8.4677 -1221.99
-62.5266 -12.9186 -1215.5
-66.782 -17.067 -1211.24
-64.5446 -26.8398 -1205.93
-61.3292 -32.8625 -1205.1
-56.9579 -36.6082 -1205.28
-7.56046 46.4451 -1287.1
-10.1492 46.5934 -1284.67
-19.7005 52.2811 -1284.08
-22.2835 47.6607 -1276.4
-26.8192 47.3001 -1271.71
-38.1628 52.1049 -1271.04
-43.3616 48.3975 -1257.92
-42.6371 39.3229 -1251.95
-36.4775 29.7429 -1245.16
-50.4428 34.67 -1241.07
-53.2423 33.3942 -1238.19
-56.9457 33.1863 -1233.61
-56.8084 29.3359 -1231.88
-56.0136 25.8753 -1231.36
-49.1252 16.299 -1229.77
-56.6909 12.0714 -1223.84
-65.1989 9.17248 -1217.59
-66.8403 -0.711035 -1210.66
-64.167 -8.44936 -1208.69
-60.9151 -14.154 -1206.12
-61.6323 -21.6987 -1201.76
-55.7289 -27.7549 -1200.88
-53.7084 -31.502 -1200.16
-5.01464 49.4352 -1282.07
-9.51735 50.7949 -1280.5
-14.1135 53.615 -1277.97
-24.5148 55.629 -1275.08
-23.8335 50.6721 -1265.96
-24.7557 48.062 -1259.42
-28.3948 48.2152 -1254.35
-25.6591 41.4841 -1246.96
-40.9436 42.4327 -1241.37
-46.5469 40.0446 -1239.79
-52.4249 39.0958 -1235.42
-55.1921 36.2765 -1231.94
-56.5277 32.2475 -1227.5
-55.5043 27.1029 -1224.25
-50.3292 23.5875 -1220.77
-47.2216 13.9566 -1216.17
-57.0153 11.8328 -1209.97
-58.4069 2.7574 -1204.28
-53.9859 -5.0302 -1205.23
-60.7804 -9.71965 -1201.33
-57.8238 -18.3654 -1196.65
-53.6961 -23.5589 -1196.6
-50.6852 -27.4129 -1195.83
-2.38258 53.1718 -1276.43
-6.20783 54.8201 -1274.73
-12.5217 56.8982 -1271.89
-20.4165 60.64 -1268.58
-29.1974 62.3956 -1266.65
-33.7288 60.7514 -1260.59
-36.6737 56.5424 -1254.23
-42.7386 56.0591 -1246.12
-42.9873 51.1196 -1241.35
-49.4543 49.5624 -1235.85
-50.8629 45.4194 -1229.55
-52.3902 41.7069 -1225.15
-54.1505 38.2193 -1221.57
-56.1464 33.6836 -1218.02
-56.4688 27.2523 -1213.85
-53.2688 22.4471 -1208.97
-50.7885 11.9306 -1203.49
-55.5088 6.97868 -1201.98
-63.67 0.834077 -1197.31
-60.9678 -5.88303 -1193.38
-54.2465 -13.116 -1192.05
-49.4655 -18.3751 -1192.18
-47.0978 -22.114 -1191.28
0.856015 57.6474 -1269.1
-3.01182 59.0657 -1267.1
-8.78029 61.2948 -1263.76
-16.7442 64.4644 -1259.25
-21.815 67.3479 -1254.79
-28.4767 67.8047 -1250.85
-35.5006 68.3563 -1245.73
-37.7946 63.7696 -1240.04
-41.8173 61.0544 -1233.15
-43.2944 56.189 -1227.29
-45.0866 51.2293 -1222.56
-47.1157 47.2307 -1218.34
-49.5552 43.5923 -1213.96
-52.142 39.816 -1209.66
-55.7321 35.9733 -1205.26
-61.5857 30.1534 -1200.58
-65.0058 25.1571 -1196.95
-66.0462 17.6526 -1191.19
-59.5377 9.09087 -1187.84
-54.5081 2.39131 -1187.45
-49.4503 -6.08122 -1186.51
-45.2245 -12.1589 -1185.69
-42.9521 -16.1641 -1184.72
4.61458 62.8036 -1260.42
1.05028 64.1981 -1258.07
-4.40583 66.6725 -1254.42
-11.0901 69.2837 -1248.61
-16.1044 68.4235 -1243.64
-19.3713 67.5337 -1238.4
-21.7172 66.0233 -1233.34
-26.5566 66.1764 -1228.42
-29.654 63.6258 -1223.54
-33.5311 61.1223 -1218.14
-36.833 58.2138 -1212.55
-39.5678 55.1466 -1207.83
-41.8674 51.5995 -1203.65
-44.0114 47.474 -1199.54
-45.9072 42.1313 -1194.98
-45.0578 36.0345 -1191.26
-44.0482 28.354 -1188.06
-43.7265 22.842 -1186.02
-46.5195 17.8237 -1183.73
-46.9052 11.0832 -1180.65
-43.2797 1.92166 -1178.97
-40.2307 -4.62992 -1178.02
-37.7814 -8.76973 -1177.52
8.47935 68.0794 -1250.84
5.09893 69.4461 -1248.21
0.59869 71.3415 -1243.71
-4.69076 71.1964 -1237.02
-7.85197 71.6339 -1232.12
-11.3558 71.776 -1227.77
-15.0319 71.7083 -1223.17
-17.1001 70.1549 -1218.19
-20.4342 69.167 -1212.55
-23.0005 66.5875 -1207.1
-25.2467 62.779 -1202.41
-26.9386 58.9662 -1198.53
-28.7668 55.3211 -1194.7
-30.6694 51.5203 -1190.87
-32.6882 47.0269 -1187.19
-35.4152 41.585 -1183.96
-38.104 36.9946 -1180.83
-39.3371 31.3535 -1177.65
-38.2121 25.3341 -1175.13
-37.0176 19.464 -1173.91
-35.9245 10.8551 -1172.3
-33.7577 4.22519 -1171.42
-31.9126 -0.164178 -1170.81
11.755 72.3421 -1240.39
9.19407 73.2435 -1237.36
5.27861 73.5989 -1232.34
2.269 74.4634 -1225.87
0.214831 74.1662 -1220.96
-0.933871 73.4418 -1216.1
-1.96322 72.4857 -1211.44
-4.09625 71.8828 -1206.78
-5.77382 69.9637 -1202.04
-8.05785 67.7989 -1197.04
-10.3268 65.1513 -1192.26
-12.1451 61.8475 -1188.63
-13.8298 58.3267 -1185.54
-15.5486 54.5884 -1182.54
-17.7964 50.6747 -1178.98
-19.2641 46.5482 -1175.6
-20.2298 41.0288 -1173.2
-21.3902 36.4881 -1172.13
-24.0732 32.3399 -1171.04
-26.2282 27.2761 -1169.17
-27.1086 19.8762 -1167.24
-26.5047 13.3719 -1165.87
-25.5599 9.22194 -1165.35
13.307 74.2236 -1232.97
10.3923 74.5953 -1229.76
9.98336 75.364 -1224.89
9.47951 75.0462 -1218.33
9.08207 74.7588 -1213.53
8.14542 74.2546 -1209.22
6.97693 73.4464 -1204.87
6.14988 71.7516 -1200.41
4.64333 69.9096 -1195.62
3.12633 67.0586 -1191.16
1.44976 63.6961 -1187.25
-0.205811 60.6481 -1183.95
-1.8668 57.5582 -1180.88
-3.74379 54.4773 -1177.71
-5.80035 50.9343 -1174.58
-8.54868 47.0399 -1171.64
-11.4508 43.3588 -1169.18
-13.8603 39.2609 -1167.15
-15.2422 34.9888 -1165.85
-16.8036 30.8529 -1165.4
-19.9376 24.9875 -1164.77
-21.8405 20.388 -1164.59
-21.0677 16.0256 -1163.34
13.8171 74.7707 -1229.17
14.1179 75.2083 -1226.14
14.764 75.4649 -1221.26
14.7827 75.1775 -1214.81
14.6135 74.5846 -1210.09
14.2529 73.6401 -1205.69
13.6711 72.2464 -1201.45
12.6377 70.5245 -1197.27
11.2969 67.9986 -1193.11
9.56913 65.064 -1189.11
7.69811 61.9721 -1185.37
6.00178 59.1164 -1182.2
4.31264 56.3226 -1179.09
2.65229 53.4399 -1176
0.626723 50.1784 -1172.64
-1.39413 46.6091 -1169.52
-3.61445 42.7152 -1167.07
-6.02195 39.0593 -1165.42
-8.39335 35.4444 -1164.25
-11.0409 31.5565 -1163.29
-14.3877 26.1209 -1162.51
-17.2376 22.0995 -1162.62
-18.8661 19.4323 -1162.9
